   9.9999997764825821E-003  0.62716529605518545      -0.11532346885499292     
   1.9999999552965164E-002  0.62486065801549884      -0.23046380911993389     
   2.9999999329447746E-002  0.62140828084803579      -0.34523772446297324     
   3.9999999105930328E-002  0.61681366504454405      -0.45946159061893960     
   4.9999998882412910E-002  0.61108415207041922      -0.57295131021894319     
   5.9999998658895493E-002  0.60422893032412361      -0.68552218995217729     
   6.9999998435378075E-002  0.59625904203097413      -0.79698884712903773     
   7.9999998211860657E-002  0.58718739070986059      -0.90716515238807482     
   8.9999997988343239E-002  0.57702874878817279       -1.0158642148751189     
   9.9999997764825821E-002  0.56579976488197858       -1.1228984157181534     
  0.10999999754130840       0.55351897020624152       -1.2280794950234251     
  0.11999999731779099       0.54020678353454321       -1.3312186969248840     
  0.12999999709427357       0.52588551409035289       -1.4321269764295677     
  0.13999999687075615       0.51057936172330287       -1.5306152709169139     
  0.14999999664723873       0.49431441370511903       -1.6264948381733790     
  0.15999999642372131       0.47711863747166489       -1.7195776617809688     
  0.16999999620020390       0.45902186864077643       -1.8096769235382753     
  0.17999999597668648       0.44005579365082448       -1.8966075413876771     
  0.18999999575316906       0.42025392639274650       -1.9801867700684190     
  0.19999999552965164       0.39965157824892578       -2.0602348604319096     
  0.20999999530613422       0.37828582100582847       -2.1365757720659211     
  0.21999999508261681       0.35619544217353905       -2.2090379326047898     
  0.22999999485909939       0.33342089232376648       -2.2774550358823431     
  0.23999999463558197       0.31000422414772721       -2.3416668699442571     
  0.24999999441206455       0.28598902303541684       -2.4015201649091948     
  0.25999999418854713       0.26142032908671275       -2.4568694497857178     
  0.26999999396502972       0.23634455058074177       -2.5075779066458326     
  0.27999999374151230       0.21080936905094874       -2.5535182100548837     
  0.28999999351799488       0.18486363623701790       -2.5945733393863186     
  0.29999999329447746       0.15855726330872560       -2.6306373516285579     
  0.30999999307096004       0.13194110287830838       -2.6616161025334777     
  0.31999999284744263       0.10506682443431274       -2.6874279044682581     
  0.32999999262392521        7.7986783938468446E-002  -2.7080041101130385     
  0.33999999240040779        5.0753888425311817E-002  -2.7232896121859289     
  0.34999999217689037        2.3421456529679658E-002  -2.7332432506559634     
  0.35999999195337296       -3.9569240623346380E-003  -2.7378381203968805     
  0.36999999172985554       -3.1327541189612729E-002  -2.7370617739059071     
  0.37999999150633812       -5.8636703734419607E-002  -2.7309163155214242     
  0.38999999128282070       -8.5830886981338936E-002  -2.7194183854756706     
  0.39999999105930328      -0.11285687671790492       -2.7025990340643946     
  0.40999999083578587      -0.13966191100030301       -2.6805034881537289     
  0.41999999061226845      -0.16619381854851889       -2.6531908141250251     
  0.42999999038875103      -0.19240115279406517       -2.6207334831325859     
  0.43999999016523361      -0.21823332067839843       -2.5832168461727223     
  0.44999998994171619      -0.24364070538946328       -2.5407385278964170     
  0.45999998971819878      -0.26857478232524296       -2.4934077493099740     
  0.46999998949468136      -0.29298822768429977       -2.4413445904739830     
  0.47999998927116394      -0.31683501920142926       -2.3846792050146841     
  0.48999998904764652      -0.34007052866903359       -2.3235509986958447     
  0.49999998882412910      -0.36265160600895080       -2.2581077844643627     
  0.50999998860061169      -0.38453665478265786       -2.1885049262876040     
  0.51999998837709427      -0.40568569914754526       -2.1149044837605371     
  0.52999998815357685      -0.42606044238111013       -2.0374743688975867     
  0.53999998793005943      -0.44562431720146317       -1.9563875257639727     
  0.54999998770654202      -0.46434252820981620       -1.8718211426737654     
  0.55999998748302460      -0.48218208686725722       -1.7839559056186267     
  0.56999998725950718      -0.49911183949309451       -1.6929753004246759     
  0.57999998703598976      -0.51510248883464771       -1.5990649698972030     
  0.58999998681247234      -0.53012660980817916       -1.5024121309346781     
  0.59999998658895493      -0.54415866004756930       -1.4032050553030935     
  0.60999998636543751      -0.55717498592147752       -1.3016326164845831     
  0.61999998614192009      -0.56915382469145592       -1.1978839037726285     
  0.62999998591840267      -0.58007530348332703       -1.0921479035985207     
  0.63999998569488525      -0.58992143573279821      -0.98461324695493624     
  0.64999998547136784      -0.59867611574455437      -0.87546802074385699     
  0.65999998524785042      -0.60632511197284145      -0.76489963992555021     
  0.66999998502433300      -0.61285605959174327      -0.65309477648798808     
  0.67999998480081558      -0.61825845287593395      -0.54023934049435662     
  0.68999998457729816      -0.62252363785860565      -0.42651850780059725     
  0.69999998435378075      -0.62564480567348268      -0.31211678846405372     
  0.70999998413026333      -0.62761698692326118      -0.19721812938601313     
  0.71999998390674591      -0.62843704734835515       -8.2006044342374684E-002
  0.72999998368322849      -0.62810368499835467        3.3336235745173193E-002
  0.73999998345971107      -0.62661742903494444       0.14862559966306227     
  0.74999998323619366      -0.62398064022001287       0.26367888738684431     
  0.75999998301267624      -0.62019751306709536       0.37831272374769570     
  0.76999998278915882      -0.61527407955894331       0.49234336181993249     
  0.77999998256564140      -0.60921821425967715       0.60558654346253382     
  0.78999998234212399      -0.60203964057748716       0.71785738426436152     
  0.79999998211860657      -0.59374993786401020       0.82897028987662869     
  0.80999998189508915      -0.58436254897018902       0.93873891036456769     
  0.81999998167157173      -0.57389278781650443        1.0469761387701999     
  0.82999998144805431      -0.56235784647886422        1.1534941595466295     
  0.83999998122453690      -0.54977680124108441        1.2581045518988137     
  0.84999998100101948      -0.53617061702176017        1.3606184523446152     
  0.85999998077750206      -0.52156214954835711        1.4608467799927725     
  0.86999998055398464      -0.50597614462550355        1.5586005271227883     
  0.87999998033046722      -0.48943923382863741        1.6536911166494914     
  0.88999998010694981      -0.47197992594919458        1.7459308269688785     
  0.89999997988343239      -0.45362859352416240        1.8351332835216427     
  0.90999997965991497      -0.43441745380166585        1.9211140151899018     
  0.91999997943639755      -0.41438054352574560        2.0036910723780128     
  0.92999997921288013      -0.39355368696785564        2.0826857023406506     
  0.93999997898936272      -0.37197445668984286        2.1579230760346206     
  0.94999997876584530      -0.34968212659299103        2.2292330595124246     
  0.95999997854232788      -0.32671761688953610        2.2964510216751708     
  0.96999997831881046      -0.30312343072599107        2.3594186690916215     
  0.97999997809529305      -0.27894358229043864        2.4179848976014178     
  0.98999997787177563      -0.25422351634711543        2.4720066495859760     
  0.99999997764825821      -0.22901001925927264        2.5213497651408381     
   1.0099999774247408      -0.20335112168333166        2.5658898149462042     
   1.0199999772012234      -0.17729599324139303        2.6055129024316157     
   1.0299999769777060      -0.15089482960265971        2.6401164228845322     
   1.0399999767541885      -0.12419873252463880        2.6696097674725197     
   1.0499999765306711       -9.7259583519384435E-002   2.6939149607391273     
   1.0599999763071537       -7.0129911915876919E-002   2.7129672209902935     
   1.0699999760836363       -4.2862758184356795E-002   2.7267154340988515     
   1.0799999758601189       -1.5511533469719781E-002   2.7351225325984538     
   1.0899999756366014        1.1870123653113379E-002   2.7381657734860902     
   1.0999999754130840        3.9228492140287202E-002   2.7358369098681026     
   1.1099999751895666        6.6509914064759090E-002   2.7281422534259199     
   1.1199999749660492        9.3660939723864037E-002   2.7151026265977674     
   1.1299999747425318       0.12062847117430713        2.6967532053214400     
   1.1399999745190144       0.14735990312791314        2.6731432551100092     
   1.1499999742954969       0.17380326018772710        2.6443357650869070     
   1.1599999740719795       0.19990732946767392        2.6104069863418262     
   1.1699999738484621       0.22562178771832381        2.5714458825412825     
   1.1799999736249447       0.25089732217437583        2.5275535021004267     
   1.1899999734014273       0.27568574444396943        2.4788422823658012     
   1.1999999731779099       0.29994009687334422        2.4254352971501807     
   1.2099999729543924       0.32361475094004294        2.3674654595868505     
   1.2199999727308750       0.34666549735108393        2.3050746926265320     
   1.2299999725073576       0.36904962764664806        2.2384130795888435     
   1.2399999722838402       0.39072600723226669        2.1676380070123469     
   1.2499999720603228       0.41165513988086766        2.0929133116403569     
   1.2599999718368053       0.43179922385817959        2.0144084427567330     
   1.2699999716132879       0.45112219992901936        1.9322976502741942     
   1.2799999713897705       0.46958979159631276        1.8467592080076247     
   1.2899999711662531       0.48716953800805868        1.7579746804683896     
   1.2999999709427357       0.50383082003890334        1.6661282403253317     
   1.3099999707192183       0.51954488011192290        1.5714060424256187     
   1.3199999704957008       0.53428483637229940        1.4739956589840251     
   1.3299999702721834       0.54802569185776939        1.3740855792602007     
   1.3399999700486660       0.56074433933123058        1.2718647757745072     
   1.3499999698251486       0.57241956244912140        1.1675223378852408     
   1.3599999696016312       0.58303203393572356        1.0612471723809347     
   1.3699999693781137       0.59256431141910848       0.95322776964479394     
   1.3799999691545963       0.60100083155988226       0.84365203293446545     
   1.3899999689310789       0.60832790307007312       0.73270716739636932     
   1.3999999687075615       0.61453369917740230       0.62057962460395577     
   1.4099999684840441       0.61960825004073039       0.50745509767531294     
   1.4199999682605267       0.62354343556664638       0.39351856138742825     
   1.4299999680370092       0.62633297901590079       0.27895435116055983     
   1.4399999678134918       0.62797244172259725       0.16394627433413103     
   1.4499999675899744       0.62845921917964065        4.8677746792370261E-002
   1.4599999673664570       0.62779253867174789       -6.6668052279420589E-002
   1.4699999671429396       0.62597345856319464      -0.18190801492128128     
   1.4799999669194221       0.62300486927220611      -0.29685893573416927     
   1.4899999666959047       0.61889149588830084      -0.41133734758463436     
   1.4999999664723873       0.61363990231375620      -0.52515936919268658     
   1.5099999662488699       0.60725849673647914      -0.63814057199125662     
   1.5199999660253525       0.59975753816975219      -0.75009587343864048     
   1.5299999658018351       0.59114914372541705      -0.86083946367477726     
   1.5399999655783176       0.58144729622191660      -0.97018477203536069     
   1.5499999653548002       0.57066785166813994       -1.0779444794716080     
   1.5599999651312828       0.55882854610911803       -1.1839305823651010     
   1.5699999649077654       0.54594900127125712       -1.2879545125741185     
   1.5799999646842480       0.53205072840391832       -1.3898273177989406     
   1.5899999644607306       0.51715712968172733       -1.4893599055088842     
   1.5999999642372131       0.50129349650895227       -1.5863633527354950     
   1.6099999640136957       0.48448700405451661       -1.6806492830090045     
   1.6199999637901783       0.46676670134453174       -1.7720303106064499     
   1.6299999635666609       0.44816349624933993       -1.8603205511005869     
   1.6399999633431435       0.42871013472452363       -1.9453361959632809     
   1.6499999631196260       0.40844117370053529       -2.0268961477034955     
   1.6599999628961086       0.38739294706370037       -2.1048227107299460     
   1.6699999626725912       0.36560352423226167       -2.1789423318470282     
   1.6799999624490738       0.34311266090449377       -2.2490863830477865     
   1.6899999622255564       0.31996174164105845       -2.3150919780898684     
   1.6999999620020390       0.29619371403969996       -2.3768028132615329     
   1.7099999617785215       0.27185301436578363       -2.4340700217973374     
   1.7199999615550041       0.24698548461542671       -2.4867530306189525     
   1.7299999613314867       0.22163828110712494       -2.5347204074855947     
   1.7399999611079693       0.19585977482064354       -2.5778506862675932     
   1.7499999608844519       0.16969944382609450       -2.6160331579278022     
   1.7599999606609344       0.14320775826897594       -2.6491686149253897     
   1.7699999604374170       0.11643605849582436       -2.6771700371545721     
   1.7799999602138996        8.9436427017323239E-002  -2.6999632081989922     
   1.7899999599903822        6.2261555108586435E-002  -2.7174872516142536     
   1.7999999597668648        3.4964604937403748E-002  -2.7296950781317082     
   1.8099999595433474        7.5990681882446807E-003  -2.7365537360826493     
   1.8199999593198299       -1.9781377789179017E-002  -2.7380446589424370     
   1.8299999590963125       -4.7123015234552666E-002  -2.7341638056506885     
   1.8399999588727951       -7.4372231537812417E-002  -2.7249216912327205     
   1.8499999586492777      -0.10147566400381329       -2.7103433071809815     
   1.8599999584257603      -0.12838034273247600       -2.6904679330029171     
   1.8699999582022429      -0.15503383055925082       -2.6653488422526719     
   1.8799999579787254      -0.18138435905215827       -2.6350529081887686     
   1.8899999577552080      -0.20738095963000980       -2.5996601158920853     
   1.8999999575316906      -0.23297358894993669       -2.5592629891966747     
   1.9099999573081732      -0.25811324780897238       -2.5139659420950888     
   1.9199999570846558      -0.28275209291177272       -2.4638845653521453     
   1.9299999568611383      -0.30684354097205574       -2.4091448598768830     
   1.9399999566376209      -0.33034236473632295       -2.3498824289506879     
   1.9499999564141035      -0.35320478064218358       -2.2862416416875462     
   1.9599999561905861      -0.37538852794749322       -2.2183747801155036     
   1.9699999559670687      -0.39685293928802062       -2.1464411820294380     
   1.9799999557435513      -0.41755900273813756       -2.0706063912933534     
   1.9899999555200338      -0.43746941555900448       -1.9910413265899358     
   1.9999999552965164      -0.45654862992009526       -1.9079214787544447     
   2.0099999550729990      -0.47476289097117563       -1.8214261458200844     
   2.0199999548494816      -0.49208026772185304       -1.7317377137750924     
   2.0299999546259642      -0.50847067725370143       -1.6390409898202634     
   2.0399999544024467      -0.52390590284520588       -1.5435225936508610     
   2.0499999541789293      -0.53835960663212334       -1.4453704109982906     
   2.0599999539554119      -0.55180733745535604       -1.3447731123812878     
   2.0699999537318945      -0.56422653456533856       -1.2419197387573209     
   2.0799999535083771      -0.57559652785672377       -1.1369993545524371     
   2.0899999532848597      -0.58589853530043956       -1.0302007673983637     
   2.0999999530613422      -0.59511565822274115      -0.92171231283203503     
   2.1099999528378248      -0.60323287505354972      -0.81172170122425058     
   2.1199999526143074      -0.61023703413006536      -0.70041592330707436     
   2.1299999523907900      -0.61611684609731476      -0.58798120986734914     
   2.1399999521672726      -0.62086287639590809      -0.47460304046753782     
   2.1499999519437551      -0.62446753826978196      -0.36046619544443365     
   2.1599999517202377      -0.62692508666404401      -0.24575484491925018     
   2.1699999514967203      -0.62823161331610633      -0.13065266812654902     
   2.1799999512732029      -0.62838504327299072       -1.5342996031385128E-002
   2.1899999510496855      -0.62738513299485044        9.9991030049004795E-002
   2.1999999508261681      -0.62523347013021147       0.21516629127323728     
   2.2099999506026506      -0.62193347497299367       0.32999952309784053     
   2.2199999503791332      -0.61749040353582230       0.44430715364817985     
   2.2299999501556158      -0.61191135209928116       0.55790515612427083     
   2.2399999499320984      -0.60520526302338895       0.67060892257849436     
   2.2499999497085810      -0.59738293153651834       0.78223316617133554     
   2.2599999494850636      -0.58845701314906729       0.89259185869608593     
   2.2699999492615461      -0.57844203127530858        1.0014982097610976     
   2.2799999490380287      -0.56735438458788057        1.1087646935256277     
   2.2899999488145113      -0.55521235357627841        1.2142031282997749     
   2.2999999485909939      -0.54203610573440675        1.3176248136383699     
   2.3099999483674765      -0.52784769876372273        1.4188407287819638     
   2.3199999481439590      -0.51267108114868698        1.5176617954259635     
   2.3299999479204416      -0.49653208944107846        1.6138992068343123     
   2.3399999476969242      -0.47945844158008066        1.7073648242623591     
   2.3499999474734068      -0.46147972557670436        1.7978716405231920     
   2.3599999472498894      -0.44262738290474141        1.8852343093345683     
   2.3699999470263720      -0.42293468596655648        1.9692697378351007     
   2.3799999468028545      -0.40243670904094553        2.0497977383776442     
   2.3899999465793371      -0.38117029217211157        2.1266417344175443     
   2.3999999463558197      -0.35917399752337170        2.1996295140395374     
   2.4099999461323023      -0.33648805779605795        2.2685940234384034     
   2.4199999459087849      -0.31315431640244845        2.3333741915159294     
   2.4299999456852674      -0.28921615918038290        2.3938157757125098     
   2.4399999454617500      -0.26471843754506724        2.4497722182882438     
   2.4499999452382326      -0.23970738308873707        2.5011055015370829     
   2.4599999450147152      -0.21423051375931310        2.5476869898876395     
   2.4699999447911978      -0.18833653187267654        2.5893982465412151     
   2.4799999445676804      -0.16207521433724126        2.6261318122421482     
   2.4899999443441629      -0.13549729559148146        2.6577919339822573     
   2.4999999441206455      -0.10865434387229417        2.6842952319174032     
   2.5099999438971281       -8.1598631541840771E-002   2.7055712935195704     
   2.5199999436736107       -5.4383000300222750E-002   2.7215631849934798     
   2.5299999434500933       -2.7060722198570798E-002   2.7322278712352470     
   2.5399999432265759        3.1464256030543439E-004   2.7375365370763332     
   2.5499999430030584        2.7689389990489727E-002   2.7374748042057591     
   2.5599999427795410        5.5009817779404217E-002   2.7320428399573653     
   2.5699999425560236        8.2222370731572875E-002   2.7212553560416626     
   2.5799999423325062       0.10927378509937355        2.7051414972446910     
   2.5899999421089888       0.13611123072009582        2.6837446220585939     
   2.5999999418854713       0.16268244991717912        2.6571219790996352     
   2.6099999416619539       0.18893589217997281        2.6253442849603861     
   2.6199999414384365       0.21482084370928622        2.5884952107887176     
   2.6299999412149191       0.24028755100353424        2.5466707863473310     
   2.6399999409914017       0.26528733776025276        2.4999787315507294     
   2.6499999407678843       0.28977271447772529        2.4485377264763346     
   2.6599999405443668       0.31369748025882210        2.3924766315857036     
   2.6699999403208494       0.33701681644121262        2.3319336703618312     
   2.6799999400973320       0.35968737180217691        2.2670555867690703     
   2.6899999398738146       0.38166733920969481        2.1979967898808486     
   2.6999999396502972       0.40291652371185710        2.1249184977118594     
   2.7099999394267797       0.42339640217166125        2.0479878917565135     
   2.7199999392032623       0.44307017466191673        1.9673772929998556     
   2.7299999389797449       0.46190280793357530        1.8832633692600711     
   2.7399999387562275       0.47986107135892320        1.7958263826746368     
   2.7499999385327101       0.49691356582764534        1.7052494849875095     
   2.7599999383091927       0.51303074613804511        1.6117180670646833     
   2.7699999380856752       0.52818493747723139        1.5154191677908817     
   2.7799999378621578       0.54235034662270787        1.4165409462098066     
   2.7899999376386404       0.55550306852362319        1.3152722194901576     
   2.7999999374151230       0.56762108893328567        1.2118020680521313     
   2.8099999371916056       0.57868428376593750        1.1063195079933525     
   2.8199999369680882       0.58867441584088565       0.99901322982449869     
   2.8299999367445707       0.59757512965668969       0.89007140147505026     
   2.8399999365210533       0.60537194480808754       0.77968153256702377     
   2.8499999362975359       0.61205224861961727       0.66803039608461356     
   2.8599999360740185       0.61760528852342877       0.55530400279316605     
   2.8699999358505011       0.62202216465552851       0.44168762308246490     
   2.8799999356269836       0.62529582308561593       0.32736585032593674     
   2.8899999354034662       0.62742105003168280       0.21252269935694174     
   2.8999999351799488       0.62839446734255522        9.7341733262999677E-002
   2.9099999349564314       0.62821452946043299       -1.7993788614412476E-002
   2.9199999347329140       0.62688152200206959      -0.13330074881584084     
   2.9299999345093966       0.62439756202234931      -0.24839600352411056     
   2.9399999342858791       0.62076659994846417      -0.36309621550434801     
   2.9499999340623617       0.61599442309746166      -0.47721769576689504     
   2.9599999338388443       0.61008866061542200      -0.59057626140437203     
   2.9699999336153269       0.60305878960373505      -0.70298711688168303     
   2.9799999333918095       0.59491614212770960      -0.81426476580278029     
   2.9899999331682920       0.58567391273591018      -0.92422295983793712     
   2.9999999329447746       0.57534716605605929       -1.0326746910671711     
   3.0099999327212572       0.56395284397597922       -1.1394322334763016     
   3.0199999324977398       0.55150977186681072       -1.2443072387292793     
   3.0299999322742224       0.53803866326159289       -1.3471108906320564     
   3.0399999320507050       0.52356212236618049       -1.4476541218988275     
   3.0499999318271875       0.50810464375235975       -1.5457478959322315     
   3.0599999316036701       0.49169260856581143       -1.6412035553385906     
   3.0699999313801527       0.47435427657511553       -1.7338332378237802     
   3.0799999311566353       0.45611977339304566       -1.8234503589642796     
   3.0899999309331179       0.43702107221859260       -1.9098701601342327     
   3.0999999307096004       0.41709196947794847       -1.9929103186094292     
   3.1099999304860830       0.39636805378533246       -2.0723916155831623     
   3.1199999302625656       0.37488666770007317       -2.1481386565405676     
   3.1299999300390482       0.35268686182453579       -2.2199806371741713     
   3.1399999298155308       0.32980934086775382       -2.2877521468134403     
   3.1499999295920134       0.30629640139114356       -2.3512940002165448     
   3.1599999293684959       0.28219186105426519       -2.4104540875656837     
   3.1699999291449785       0.25754097928875080       -2.4650882316504563     
   3.1799999289214611       0.23239036944543287       -2.5150610405477885     
   3.1899999286979437       0.20678790258129151       -2.5602467436401106     
   3.1999999284744263       0.18078260317675404       -2.6005299985801229     
   3.2099999282509089       0.15442453719760707       -2.6358066568295664     
   3.2199999280273914       0.12776469303666521       -2.6659844756835818     
   3.2299999278038740       0.10085485598568021       -2.6909837652466742     
   3.2399999275803566        7.3747476995095637E-002  -2.7107379596481720     
   3.2499999273568392        4.6495536575593674E-002  -2.7251941028630311     
   3.2599999271333218        1.9152404778579282E-002  -2.7343132408181026     
   3.2699999269098043       -8.2283017392804567E-003  -2.7380707129866235     
   3.2799999266862869       -3.5592864511328891E-002  -2.7364563383694089     
   3.2899999264627695       -6.2887608827128447E-002  -2.7294744925884644     
   3.2999999262392521       -9.0059048967110616E-002  -2.7171440747311202     
   3.3099999260157347      -0.11705403200903308       -2.6994983645307378     
   3.3199999257922173      -0.14381987913479638       -2.6765847724026619     
   3.3299999255686998      -0.17030452341002936       -2.6484644867210925     
   3.3399999253451824      -0.19645664307024432       -2.6152120244760408     
   3.3499999251216650      -0.22222578942471741       -2.5769146930458398     
   3.3599999248981476      -0.24756250858061637       -2.5336719722218790     
   3.3699999246746302      -0.27241845629301592       -2.4855948267973309     
   3.3799999244511127      -0.29674650535881686       -2.4328049609575211     
   3.3899999242275953      -0.32050084509158167       -2.3754340263715670     
   3.3999999240040779      -0.34363707253721387       -2.3136227962767206     
   3.4099999237805605      -0.36611227521455991       -2.2475203179705967     
   3.4199999235570431      -0.38788510528781817       -2.1772830559918939     
   3.4299999233335257      -0.40891584519668350       -2.1030740378939035     
   3.4399999231100082      -0.42916646488324095       -2.0250620139194062     
   3.4499999228864908      -0.44860067085982525       -1.9434206410972683     
   3.4599999226629734      -0.46718394745775893       -1.8583277013302268     
   3.4699999224394560      -0.48488359068175946       -1.7699643619618406     
   3.4799999222159386      -0.50166873516789090       -1.6785144861308678     
   3.4899999219924212      -0.51751037480355577       -1.5841639989753096     
   3.4999999217689037      -0.53238137761582693       -1.4871003144664019     
   3.5099999215453863      -0.54625649556932288       -1.3875118263628963     
   3.5199999213218689      -0.55911236993700220       -1.2855874655030473     
   3.5299999210983515      -0.57092753291708653       -1.1815163244173870     
   3.5399999208748341      -0.58168240616737210       -1.0754873490675689     
   3.5499999206513166      -0.59135929691517286      -0.96768909640961620     
   3.5599999204277992      -0.59994239227787138      -0.85830955545456444     
   3.5699999202042818      -0.60741775239641671      -0.74753602856326540     
   3.5799999199807644      -0.61377330294305488      -0.63555506886957924     
   3.5899999197572470      -0.61899882751604984      -0.52255246897945784     
   3.5999999195337296      -0.62308596037912145      -0.40871329544261648     
   3.6099999193102121      -0.62602817994273008      -0.29422196293723285     
   3.6199999190866947      -0.62782080331910206      -0.17926234164402238     
   3.6299999188631773      -0.62846098221390501       -6.4017890911206035E-002
   3.6399999186396599      -0.62794770034561065        5.1328187976706352E-002
   3.6499999184161425      -0.62628177250966199       0.16659278731850979     
   3.6599999181926250      -0.62346584532939975       0.28159272432031629     
   3.6699999179691076      -0.61950439966010451       0.39614457578404377     
   3.6799999177455902      -0.61440375453726126       0.51006452368515709     
   3.6899999175220728      -0.60817207248605598       0.62316821904942632     
   3.6999999172985554      -0.60081936593697793       0.73527067134238988     
   3.7099999170750380      -0.59235750442305601       0.84618617030592758     
   3.7199999168515205      -0.58280022216856642       0.95572824681115287     
   3.7299999166280031      -0.57216312561789695        1.0637096788427109     
   3.7399999164044857      -0.56046370039756366        1.1699425481835823     
   3.7499999161809683      -0.54772131715508632        1.2742383527291805     
   3.7599999159574509      -0.53395723567650366        1.3764081786233819     
   3.7699999157339334      -0.51919460665070338        1.4762629355770753     
   3.7799999155104160      -0.50345847042439629        1.5736136578037156     
   3.7899999152868986      -0.48677575207737883        1.6682718719905281     
   3.7999999150633812      -0.46917525214452499        1.7600500326255661     
   3.8099999148398638      -0.45068763231945358        1.8487620238301932     
   3.8199999146163464      -0.43134539549560996        1.9342237256176298     
   3.8299999143928289      -0.41118285953399242        2.0162536412285363     
   3.8399999141693115      -0.39023612419313475        2.0946735809053711     
   3.8499999139457941      -0.36854303071618216        2.1693093961831016     
   3.8599999137222767      -0.34614311364163503        2.2399917575224317     
   3.8699999134987593      -0.32307754448795922        2.3065569669231465     
   3.8799999132752419      -0.29938906705682522        2.3688477960612717     
   3.8899999130517244      -0.27512192420396853        2.4267143395269595     
   3.8999999128282070      -0.25032177603897171        2.4800148719323314     
   3.9099999126046896      -0.22503560963375924        2.5286166970402348     
   3.9199999123811722      -0.19931164044210242        2.5723969766632337     
   3.9299999121576548      -0.17319920575656023        2.6112435269200618     
   3.9399999119341373      -0.14674865065246151        2.6450555695314693     
   3.9499999117106199      -0.12001120698809523        2.6737444261994736     
   3.9599999114871025       -9.3038866143509841E-002   2.6972341447464196     
   3.9699999112635851       -6.5884246284586279E-002   2.7154620465876622     
   3.9799999110400677       -3.8600455031823008E-002   2.7283791862603537     
   3.9899999108165503       -1.1240948492270503E-002   2.7359507151085145     
   3.9999999105930328        1.6140612323715341E-002   2.7381561428011434     
   4.0099999103695154        4.3490506633381297E-002   2.7349894920983746     
   4.0199999101459980        7.0755099465344848E-002   2.7264593441374703     
   4.0299999099224806        9.7880986593416874E-002   2.7125887734382861     
   4.0399999096989632       0.12481513772915767        2.6934151737766001     
   4.0499999094754457       0.15150503691251652        2.6689899779924602     
   4.0599999092519283       0.17789881908896610        2.6393782766396590     
   4.0699999090284109       0.20394540192772728        2.6046583420947682     
   4.0799999088048935       0.22959461201729980        2.5649210662877060     
   4.0899999085813761       0.25479730466952077        2.5202693215545060     
   4.0999999083578587       0.27950547666943054        2.4708172552180478     
   4.1099999081343412       0.30367237142279097        2.4166895293532624     
   4.1199999079108238       0.32725257607350711        2.3580205177774816     
   4.1299999076873064       0.35020211028674886        2.2949534726203797     
   4.1399999074637890       0.37247850651758985        2.2276396728757279     
   4.1499999072402716       0.39404088170694079        2.1562375671307588     
   4.1599999070167542       0.41485000046408788        2.0809119222267149     
   4.1699999067932367       0.43486832990614210        2.0018329889498760     
   4.1799999065697193       0.45406008642731199        1.9191756950139058     
   4.1899999063462019       0.47239127476360254        1.8331188746024536     
   4.1999999061226845       0.48982971980009998        1.7438445426277078     
   4.2099999058991671       0.50634509163753771        1.6515372206585031     
   4.2199999056756496       0.52190892449178039        1.5563833202121464     
   4.2299999054521322       0.53649463004393549        1.4585705878171071     
   4.2399999052286148       0.55007750588999738        1.3582876149662777     
   4.2499999050050974       0.56263473975748801        1.2557234148166723     
   4.2599999047815800       0.57414541016292209        1.1510670662717577     
   4.2699999045580626       0.58459048417869619        1.0445074249239747     
   4.2799999043345451       0.59395281296193869       0.93623289925068631     
   4.2899999041110277       0.60221712567178265       0.82643128945657174     
   4.2999999038875103       0.60937002236636273       0.71528968544597638     
   4.3099999036639929       0.61539996642752059       0.60299441959376343     
   4.3199999034404755       0.62029727701069992       0.48973106926427057     
   4.3299999032169580       0.62405412196077481       0.37568450340468884     
   4.3399999029934406       0.62666451157252645       0.26103896700983498     
   4.3499999027699232       0.62812429350807086       0.14597819681730428     
   4.3599999025464058       0.62843114911363596        3.0685561242388096E-002
   4.3699999023228884       0.62758459130553734       -8.4655782702065641E-002
   4.3799999020993710       0.62558596412083911      -0.19986272293710300     
   4.3899999018758535       0.62243844395281822      -0.31475202383734868     
   4.3999999016523361       0.61814704241576923      -0.42914016329693377     
   4.4099999014288187       0.61271861070868971      -0.54284318284143851     
   4.4199999012053013       0.60616184527377126      -0.65567655814735903     
   4.4299999009817839       0.59848729447420357      -0.76745509711073245     
   4.4399999007582664       0.58970736594742279      -0.87799287230274281     
   4.4499999005347490       0.57983633422546210      -0.98710319425954629     
   4.4599999003112316       0.56889034815439221       -1.0945986315731746     
   4.4699999000877142       0.55688743759090475       -1.2002910831773466     
   4.4799998998641968       0.54384751880682858       -1.3039919075541127     
   4.4899998996406794       0.52979239799275180       -1.4055121128233223     
   4.4999998994171619       0.51474577222089624       -1.5046626108173813     
   4.5099998991936445       0.49873322720589275       -1.6012545372911742     
   4.5199998989701271       0.48178223119101266       -1.6950996393764377     
   4.5299998987466097       0.46392212428752361       -1.7860107302693549     
   4.5399998985230923       0.44518410260684038       -1.8738022099510643     
   4.5499998982995749       0.42560119654957129       -1.9582906494981138     
   4.5599998980760574       0.40520824265276706       -2.0392954352622281     
   4.5699998978525400       0.38404184844678962       -2.1166394679083242     
   4.5799998976290226       0.36214034983610582       -2.1901499100220434     
   4.5899998974055052       0.33954376059356267       -2.2596589747616309     
   4.5999998971819878       0.31629371364459696       -2.3250047468644781     
   4.6099998969584703       0.29243339391533535       -2.3860320262581354     
   4.6199998967349529       0.26800746262528186       -2.4425931836015597     
   4.6299998965114355       0.24306197301959281       -2.4945490163264199     
   4.6399998962879181       0.21764427765582278       -2.5417695931899815     
   4.6499998960644007       0.19180292748325639       -2.5841350750165599     
   4.6599998958408833       0.16558756307706393       -2.6215364992151526     
   4.6699998956173658       0.13904879851193083       -2.6538765158320730     
   4.6799998953938484       0.11223809847782010       -2.6810700633376592     
   4.6899998951703310        8.5207649351437459E-002  -2.7030449730560275     
   4.6999998949468136        5.8010225038160668E-002  -2.7197424921186615     
   4.7099998947232962        3.0699048488211839E-002  -2.7311177160401208     
   4.7199998944997787        3.3276498654826597E-003  -2.7371399234527627     
   4.7299998942762613       -2.4050277594220740E-002  -2.7377928071647779     
   4.7399998940527439       -5.1381022958160952E-002  -2.7330745974829993     
   4.7499998938292265       -7.8611003105766408E-002  -2.7229980756242949     
   4.7599998936057091      -0.10568690727035746       -2.7075904769784676     
   4.7699998933821917      -0.13255583952909888       -2.6868932859308869     
   4.7799998931586742      -0.15916545819286554       -2.6609619258537980     
   4.7899998929351568      -0.18546411110186731       -2.6298653496822473     
   4.7999998927116394      -0.21140096590371535       -2.5936855381581929     
   4.8099998924881220      -0.23692613447632449       -2.5525169143141140     
   4.8199998922646046      -0.26199079075649806       -2.5064656840412285     
   4.8299998920410872      -0.28654728134382551       -2.4556491136207779     
   4.8399998918175697      -0.31054922836605448       -2.4001947558714272     
   4.8499998915940523      -0.33395162421368879       -2.3402396370718632     
   4.8599998913705349      -0.35671091787551684       -2.2759294170537894     
   4.8699998911470175      -0.37878509273045352       -2.2074175348332972     
   4.8799998909235001      -0.40013373577199302       -2.1348643518718839     
   4.8899998906999826      -0.42071809835741886       -2.0584363045522225     
   4.8999998904764652      -0.44050114868266599       -1.9783050767432757     
   4.9099998902529478      -0.45944761628361253       -1.8946468024433085     
   4.9199998900294304      -0.47752402895416346       -1.8076413074590261     
   4.9299998898059130      -0.49469874254964724       -1.7174713979368559     
   4.9399998895823956      -0.51094196420998828       -1.6243222023405324     
   4.9499998893588781      -0.52622576959035650       -1.5283805721987851     
   4.9599998891353607      -0.54052411472733486       -1.4298345456571311     
   4.9699998889118433      -0.55381284319615698       -1.3288728765848308     
   4.9799998886883259      -0.56606968922954548       -1.2256846307350404     
   4.9899998884648085      -0.57727427747162929       -1.1204588492525887     
   4.9999998882412910      -0.58740812003197462       -1.0133842786854388     
   5.0099998880177736      -0.59645461148571999      -0.90464916559502528     
   5.0199998877942562      -0.60439902243700949      -0.79444111288609698     
   5.0299998875707388      -0.61122849222530129      -0.68294699409423965     
   5.0399998873472214      -0.61693202130863722      -0.57035292108196978     
   5.0499998871237040      -0.62150046380555557      -0.45684425990310279     
   5.0599998869001865      -0.62492652061896903      -0.34260568899918281     
   5.0699998866766691      -0.62720473350193806      -0.22782129338911128     
   5.0799998864531517      -0.62833148035776309      -0.11267468810098154     
   5.0899998862296343      -0.62830497199606061        2.6508362294994509E-003
   5.0999998860061169      -0.62712525049333290       0.11797215290965898     
   5.1099998857825994      -0.62479418923180463       0.23310613136315197     
   5.1199998855590820      -0.62131549461478885       0.34786946947706293     
   5.1299998853355646      -0.61669470938134985       0.46207853367215856     
   5.1399998851120472      -0.61093921736835133       0.57554921416438076     
   5.1499998848885298      -0.60405824949491271       0.68809680272402107     
   5.1599998846650124      -0.59606289067367135       0.79953589999515207     
   5.1699998844414949      -0.58696608728590771       0.90968035910930767     
   5.1799998842179775      -0.57678265479441337        1.0183432719111816     
   5.1899998839944601      -0.56552928500987354        1.1253370036072305     
   5.1999998837709427      -0.55322455247442759        1.2304732810478147     
   5.2099998835474253      -0.53988891938092320        1.3335633391579031     
   5.2199998833239079      -0.52554473840914373        1.4344181292396896     
   5.2299998831003904      -0.51021625283192529        1.5328485919836792     
   5.2399998828768730      -0.49392959322549912        1.6286659970461370     
   5.2499998826533556      -0.47671277011046376        1.7216823499861351     
   5.2599998824298382      -0.45859566185327494        1.8117108662137780     
   5.2699998822063208      -0.43960999717368832        1.8985665103949303     
   5.2799998819828033      -0.41978933163168558        1.9820665985029162     
   5.2899998817592859      -0.39916901750834677        2.0620314584238733     
   5.2999998815357685      -0.37778616654896141        2.1382851437329333     
   5.3099998813122511      -0.35567960510318541        2.2106561939896183     
   5.3199998810887337      -0.33288982127575723        2.2789784336819543     
   5.3299998808652163      -0.30945890379136898        2.3430918008110098     
   5.3399998806416988      -0.28543047237761443        2.4028431950831832     
   5.3499998804181814      -0.26084959957905068        2.4580873347989076     
   5.3599998801946640      -0.23576272403153892        2.5086876108247158     
   5.3699998799711466      -0.21021755534712319        2.5545169255394762     
   5.3799998797476292      -0.18426297088345372        2.5954585043799661     
   5.3899998795241117      -0.15794890479566312        2.6314066675955834     
   5.3999998793005943      -0.13132622989002191        2.6622675500704376     
   5.4099998790770769      -0.10444663291493253        2.6879597575895198     
   5.4199998788535595       -7.7362484033186157E-002   2.7084149487124280     
   5.4299998786300421       -5.0126701317323566E-002   2.7235783324629788     
   5.4399998784065247       -2.2792611195014956E-002   2.7334090733273149     
   5.4499998781830072        4.5861941585202785E-003   2.7378805965499238     
   5.4599998779594898        3.1956001430676978E-002   2.7369807883919575     
   5.4699998777359724        5.9263121698601019E-002   2.7307120878285756     
   5.4799998775124550        8.6454035771495713E-002   2.7190914680658991     
   5.4899998772889376       0.11347553824956104        2.7021503082042986     
   5.4999998770654202       0.14027487922367254        2.6799341573123474     
   5.5099998768419027       0.16679990258133529        2.6525023950543218     
   5.5199998766183853       0.19299917994358923        2.6199277947853434     
   5.5299998763948679       0.21882213933287917        2.5822959966478081     
   5.5399998761713505       0.24421918776152923        2.5397048996318357     
   5.5499998759478331       0.26914182703215639        2.4922639827691553     
   5.5599998757243156       0.29354276215265218        2.4400935665899204     
   5.5699998755007982       0.31737600188663323        2.3833240266695483     
   5.5799998752772808       0.34059695108280952        2.3220949715204942     
   5.5899998750537634       0.36316249455085892        2.2565543972428599     
   5.5999998748302460       0.38503107237452516        2.1868578312467069     
   5.6099998746067286       0.40616274667233154        2.1131674770136120     
   5.6199998743832111       0.42651925993029821        2.0356513712970199     
   5.6299998741596937       0.44606408513740337        1.9544825643966064     
   5.6399998739361763       0.46476246805157040        1.8698383332108490     
   5.6499998737126589       0.48258146201034485        1.7818994357060025     
   5.6599998734891415       0.49948995577512212        1.6908494142711545     
   5.6699998732656240       0.51545869496009344        1.5968739541900501     
   5.6799998730421066       0.53046029764659663        1.5001603021815131     
   5.6899998728185892       0.54446926482017100        1.4008967486699135     
   5.6999998725950718       0.55746198629146715        1.2992721761706147     
   5.7099998723715544       0.56941674277360499        1.1954756749347517     
   5.7199998721480370       0.58031370478815358        1.0896962258114700     
   5.7299998719245195       0.59013492906031895       0.98212244916868807     
   5.7399998717010021       0.59886435304196861       0.87294241767674829     
   5.7499998714774847       0.60648778816968074       0.76234352981091624     
   5.7599998712539673       0.61299291242501508       0.65051244007352227     
   5.7699998710304499       0.61836926271661452       0.53763504117702321     
   5.7799998708069324       0.62260822754952372       0.42389649276574876     
   5.7899998705834150       0.62570304038720315       0.30948129068538788     
   5.7999998703598976       0.62764877404704333       0.19457337033307659     
   5.8099998701363802       0.62844233640165004        7.9356237234424212E-002
   5.8199998699128628       0.62808246758663289       -3.5986882306082893E-002
   5.8299998696893454       0.62656973884193568      -0.15127287785093757     
   5.8399998694658279       0.62390655303870335      -0.26631858627592181     
   5.8499998692423105       0.62009714686809370      -0.38094062557564823     
   5.8599998690187931       0.61514759459310098      -0.49495523856237950     
   5.8699998687952757       0.60906581319016118      -0.60817815388782459     
   5.8799998685717583       0.60186156863486440      -0.72042447163242285     
   5.8899998683482409       0.59354648301633550      -0.83150858043855913     
   5.8999998681247234       0.58413404209861441      -0.94124411281055287     
   5.9099998679012060       0.57363960288556193       -1.0494439447621478     
   5.9199998676776886       0.56208040068934406       -1.1559202454586128     
   5.9299998674541712       0.54947555515235513       -1.2604845818729171     
   5.9399998672306538       0.53584607462947698       -1.3629480827520772     
   5.9499998670071363       0.52121485830280601       -1.4631216653704169     
   5.9599998667836189       0.50560669537534864       -1.5608163276327038     
   5.9699998665601015       0.48904826067459978       -1.6558435070858699     
   5.9799998663365841       0.47156810599221122       -1.7480155073100454     
   5.9899998661130667       0.45319664649286651       -1.8371459909978853     
   5.9999998658895493       0.43396614154461127       -1.9230505378090517     
   6.0099998656660318       0.41391066935467274       -2.0055472638213270     
   6.0199998654425144       0.39306609483946675       -2.0844574981118540     
   6.0299998652189970       0.37147003021502017       -2.1596065107156268     
   6.0399998649954796       0.34916178786413932       -2.2308242849508968     
   6.0499998647719622       0.32618232511874606       -2.2979463259024286     
   6.0599998645484447       0.30257418068897740       -2.3608144957451849     
   6.0699998643249273       0.27838140257367366       -2.4192778656054470     
   6.0799998641014099       0.25364946739821803       -2.4731935728257479     
   6.0899998638778925       0.22842519124347582       -2.5224276718548735     
   6.0999998636543751       0.20275663215168976       -2.5668559665523079     
   6.1099998634308577       0.17669298461924354       -2.6063648115014151     
   6.1199998632073402       0.15028446650966559       -2.6408518699854331     
   6.1299998629838228       0.12358219894044251       -2.6702268166065295     
   6.1399998627603054        9.6638079811443289E-002  -2.6944119731247218     
   6.1499998625367880        6.9504651748360222E-002  -2.7133428669562458     
   6.1599998623132706        4.2234965329012247E-002  -2.7269687028872980     
   6.1699998620897532        1.4882438541310095E-002  -2.7352527399078781     
   6.1799998618662357       -1.2499286512886631E-002  -2.7381725666225987     
   6.1899998616427183       -3.9856488605549911E-002  -2.7357202704144408     
   6.1999998614192009       -6.7135512969627276E-002  -2.7279024973811081     
   6.2099998611956835       -9.4282916382684337E-002  -2.7147404019848822     
   6.2199998609721661      -0.12124561065307909       -2.6962694873057957     
   6.2299998607486486      -0.14797100344285605       -2.6725393387136047     
   6.2399998605251312      -0.17440713540822636       -2.6436132556263914     
   6.2499998603016138      -0.20050281270249604       -2.6095677877553531     
   6.2599998600780964      -0.22620773396598159       -2.5704921838035339     
   6.2699998598545790      -0.25147261102080792       -2.5264877619540376     
   6.2799998596310616      -0.27624928259321407       -2.4776672126207910     
   6.2899998594075441      -0.30049082049957754       -2.4241538448204079     
   6.2999998591840267      -0.32415162785215440       -2.3660807881437123     
   6.3099998589605093      -0.34718752896381339       -2.3035901626551518     
   6.3199998587369919      -0.36955585075515190       -2.2368322291309481     
   6.3299998585134745      -0.39121549558975405       -2.1659645318732959     
   6.3399998582899570      -0.41212700558160331       -2.0911510459257956     
   6.3499998580664396      -0.43225261853063779       -2.0125613398876991     
   6.3599998578429222      -0.45155631574625521       -1.9303697647088711     
   6.3699998576194048      -0.47000386211266071       -1.8447546778740309     
   6.3799998573958874      -0.48756283883304574       -1.7558977112858731     
   6.3899998571723700      -0.50420266936076186       -1.6639830899645343     
   6.3999998569488525      -0.51989463908429201       -1.5691970074273007     
   6.4099998567253351      -0.53461190937861014       -1.4717270623274743     
   6.4199998565018177      -0.54832952666842216       -1.3717617596424705     
   6.4299998562783003      -0.56102442716899881       -1.2694900784329828     
   6.4399998560547829      -0.57267543797826281       -1.1651011069684445     
   6.4499998558312654      -0.58326327519007048       -1.0587837448464226     
   6.4599998556077480      -0.59277053968395388      -0.95072647063873572     
   6.4699998553842306      -0.60118171122180186      -0.84111717258523477     
   6.4799998551607132      -0.60848314144794557      -0.73014303893433485     
   6.4899998549371958      -0.61466304634683111      -0.61799050370171771     
   6.4999998547136784      -0.61971149866285835      -0.50484524288689292     
   6.5099998544901609      -0.62362042073100088      -0.39089221555137371     
   6.5199998542666435      -0.62638357810544465      -0.27631574362051514     
   6.5299998540431261      -0.62799657430760236      -0.16129962382109600     
   6.5399998538196087      -0.62845684694536985       -4.6027264805541562E-002
   6.5499998535960913      -0.62776366538324646        6.9318157761717375E-002
   6.5599998533725739      -0.62591813006877173       0.18455353557256382     
   6.5699998531490564      -0.62292317354545090       0.29949565902633035     
   6.5799998529255390      -0.61878356310674310       0.41396105312352599     
   6.5899998527020216      -0.61350590497056534       0.52776582541426098     
   6.5999998524785042      -0.60709864977991934       0.64072553338593119     
   6.6099998522549868      -0.59957209916349263       0.75265507846582524     
   6.6199998520314693      -0.59093841302125227       0.86336863352182336     
   6.6299998518079519      -0.58121161713500824       0.97267961036549000     
   6.6399998515844345      -0.57040761064356060        1.0804006732935973     
   6.6499998513609171      -0.55854417286729352        1.1863438041435586     
   6.6599998511373997      -0.54564096891887204        1.2903204236830590     
   6.6699998509138823      -0.53171955349600974        1.3921415734030231     
   6.6799998506903648      -0.51680337222005079        1.4916181609361567     
   6.6899998504668474      -0.50091775986129339        1.5885612713828510     
   6.6999998502433300      -0.48408993477945494        1.6827825457969632     
   6.7099998500198126      -0.46634898890626086        1.7740946269735141     
   6.7199998497962952      -0.44772587260752389        1.8623116714996077     
   6.7299998495727777      -0.42825337378483469        1.9472499257933495     
   6.7399998493492603      -0.40796609061247757        2.0287283625813251     
   6.7499998491257429      -0.38690039735358184        2.1065693729750672     
   6.7599998489022255      -0.36509440276072397        2.1805995080259866     
   6.7699998486787081      -0.34258790063983757        2.2506502623945943     
   6.7799998484551907      -0.31942231224168949        2.3165588915939348     
   6.7899998482316732      -0.29564062024134252        2.3781692531909226     
   6.7999998480081558      -0.27128729417162933        2.4353326614052433     
   6.8099998477846384      -0.24640820729006632        2.4879087437653951     
   6.8199998475611210      -0.22105054497790139        2.5357662878952878     
   6.8299998473376036      -0.19526270489291303        2.5787840661391508     
   6.8399998471140862      -0.16909418922173000        2.6168516256094936     
   6.8499998468905687      -0.14259548950023443        2.6498700313787684     
   6.8599998466670513      -0.11581796458936248        2.6777525509396276     
   6.8699998464435339       -8.8813712505624864E-002   2.7004252687329706     
   6.8799998462200165       -6.1635436908299632E-002   2.7178276204807048     
   6.8899998459964991       -3.4336309136020704E-002   2.7299128382461992     
   6.8999998457729816       -6.9698267621460877E-003   2.7366482985563176     
   6.9099998455494642        2.0410330301092901E-002   2.7380157675233203     
   6.9199998453259468        4.7750445076640120E-002   2.7340115386646420     
   6.9299998451024294        7.4996909077530399E-002   2.7246464609896228     
   6.9399998448789120       0.10209636704037764        2.7099458568567343     
   6.9499998446553946       0.12899585974964961        2.6899493310522513     
   6.9599998444318771       0.15564296389854912        2.6647104744508723     
   6.9699998442083597       0.18198592798414759        2.6342964674409615     
   6.9799998439848423       0.20797380330313056        2.5987875899857271     
   6.9899998437613249       0.23355656919836548        2.5582766467054308     
   6.9999998435378075       0.25868525180339247        2.5128683166696826     
   7.0099998433142900       0.28331203563949536        2.4626784386554417     
   7.0199998430907726       0.30739036753566373        2.4078332434361016     
   7.0299998428672552       0.33087505246283061        2.3484685452090526     
   7.0399998426437378       0.35372234099756311        2.2847289045409207     
   7.0499998424202204       0.37589000825424551        2.2167667752168376     
   7.0599998421967030       0.39733742424621377        2.1447416471355352     
   7.0699998419731855       0.41802561575294739        2.0688191969150740     
   7.0799998417496681       0.43791731988022392        1.9891704571890771     
   7.0899998415261507       0.45697702960129510        1.9059710147088886     
   7.0999998413026333       0.47517103165816837        1.8194002463540926     
   7.1099998410791159       0.49246743728180975        1.7296406010246166     
   7.1199998408555984       0.50883620625768478        1.6368769341745548     
   7.1299998406320810       0.52424916491800044        1.5412959004822107     
   7.1399998404085636       0.53868001868406634        1.4430854088620568     
   7.1499998401850462       0.55210435981139949        1.3424341427390574     
   7.1599998399615288       0.56449967100681853        1.2395311472475878     
   7.1699998397380114       0.57584532559128354        1.1345654838060140     
   7.1799998395144939       0.58612258487527058        1.0277259513701671     
   7.1899998392909765       0.59531459339578507       0.91920087259719274     
   7.1999998390674591       0.60340637263656782       0.80917794216481553     
   7.2099998388439417       0.61038481381654874       0.69784413359612241     
   7.2199998386204243       0.61623867028710411       0.58538566013993099     
   7.2299998383969069       0.62095855002713507       0.47198798455285490     
   7.2399998381733894       0.62453690866735934       0.35783587202068429     
   7.2499998379498720       0.62696804341243717       0.24311347994179175     
   7.2599998377263546       0.62824808816253874       0.12800447787127661     
   7.2699998375028372       0.62837501006558649        1.2692190588468613E-002
   7.2799998372793198       0.62734860765852118      -0.10264024300072110     
   7.2899998370558023       0.62517051068136709      -0.21780970258383497     
   7.2999998368322849       0.62184418157241905      -0.33263291832972347     
   7.3099998366087675       0.61737491857733118      -0.44692630949837209     
   7.3199998363852501       0.61176986033005198      -0.56050583725620351     
   7.3299998361617327       0.60503799169022610      -0.67318687902949004     
   7.3399998359382153       0.59719015055068192      -0.78478413149571180     
   7.3499998357146978       0.58823903526079946      -0.89511154899554501     
   7.3599998354911804       0.57819921224776927       -1.0039823237437731     
   7.3699998352676630       0.56708712335891620       -1.1112089137227574     
   7.3799998350441456       0.55492109239530418       -1.2166031235544030     
   7.3899998348206282       0.54172133026070479       -1.3199762429637096     
   7.3999998345971107       0.52750993811167335       -1.4211392466680783     
   7.4099998343735933       0.51231090786487543       -1.5199030586522757     
   7.4199998341500759       0.49615011939787484       -1.6160788828222383     
   7.4299998339265585       0.47905533377020082       -1.7094786009772265     
   7.4399998337030411       0.46105618179343533       -1.7999152379077921     
   7.4499998334795237       0.44218414729297306       -1.8872034922285115     
   7.4599998332560062       0.42247254443051180       -1.9711603303049956     
   7.4699998330324888       0.40195648849554660       -2.0516056393534812     
   7.4799998328089714       0.38067285962626174       -2.1283629345011073     
   7.4899998325854540       0.35866025898506371       -2.2012601133218017     
   7.4999998323619366       0.33595895699112310       -2.2701302501354261     
   7.5099998321384192       0.31261083330092043       -2.3348124212073893     
   7.5199998319149017       0.28865930832683273       -2.3951525509446028     
   7.5299998316913843       0.26414926619183715       -2.4510042682837709     
   7.5399998314678669       0.23912696913371873       -2.5022297617410350     
   7.5499998312443495       0.21363996349272796       -2.5487006210669740     
   7.5599998310208321       0.18773697754017077       -2.5902986531534045     
   7.5699998307973146       0.16146781152944401       -2.6269166597888400     
   7.5799998305737972       0.13488322047293305       -2.6584591650722889     
   7.5899998303502798       0.10803479026526680       -2.6848430807775436     
   7.5999998301267624        8.0974807882988553E-002  -2.7059982987115991     
   7.6099998299032450        5.3756126490150963E-002  -2.7218682001222541     
   7.6199998296797276        2.6432026366254475E-002  -2.7324100734637731     
   7.6299998294562101       -9.4392735484365511E-004  -2.7375954332998393     
   7.6399998292326927       -2.8318029090750176E-002  -2.7374102347765388     
   7.6499998290091753       -5.5636578279080223E-002  -2.7318549798947220     
   7.6599998287856579       -8.2846024807957386E-002  -2.7209447137055691     
   7.6699998285621405      -0.10989311330837390       -2.7047089104966058     
   7.6799998283386230      -0.13672502522840499       -2.6831912519771075     
   7.6899998281151056      -0.16328951764825303       -2.6564493013610737     
   7.6999998278915882      -0.18953505785196065       -2.6245540790341164     
   7.7099998276680708      -0.21541095274491623       -2.5875895471326920     
   7.7199998274445534      -0.24086747229412400       -2.5456520118205339     
   7.7299998272210360      -0.26585596626843738       -2.4988494532849757     
   7.7399998269975185      -0.29032897366612143       -2.4473007944698377     
   7.7499998267740011      -0.31424032433460775       -2.3911351202946642     
   7.7599998265504837      -0.33754523240944168       -2.3304908595739233     
   7.7699998263269663      -0.36020038132350146       -2.2655149420441827     
   7.7799998261034489      -0.38216400026097691       -2.1963619428400598     
   7.7899998258799314      -0.40339593205086405       -2.1231932264457800     
   7.7999998256564140      -0.42385769260960182       -2.0461761016093787     
   7.8099998254328966      -0.44351252214994918       -1.9654829979667048     
   7.8199998252093792      -0.46232542847156544       -1.8812906742117492     
   7.8299998249858618      -0.48026322273662342       -1.7937794665998921     
   7.8399998247623444      -0.49729454821008284       -1.7031325854139245     
   7.8499998245388269      -0.51338990250823635       -1.6095354657912719     
   7.8599998243153095      -0.52852165395037132       -1.5131751780356024     
   7.8699998240917921      -0.54266405264672024       -1.4142399012456195     
   7.8799998238682747      -0.55579323698140148       -1.3129184628141342     
   7.8899998236447573      -0.56788723616211956       -1.2093999451040054     
   7.8999998234212399      -0.57892596950951614       -1.1038733594131549     
   7.9099998231977224      -0.58889124314891361      -0.99652738621387194     
   7.9199998229742050      -0.59776674474656777      -0.88755017960371285     
   7.9299998227506876      -0.60553803690231389      -0.77712923294480740     
   7.9399998225271702      -0.61219254977158011      -0.66545130180062273     
   7.9499998223036528      -0.61771957344311090      -0.55270237950693857     
   7.9599998220801353      -0.62211025054534708      -0.43906772003754801     
   7.9699998218566179      -0.62535756949520371      -0.32473190224398829     
   7.9799998216331005      -0.62745635873889483      -0.20987892906026623     
   7.9899998214095831      -0.62840328226638209       -9.4692354865266087E-002
   7.9999998211860657      -0.62819683660983927        2.0644566115722837E-002
   8.0099998209625483      -0.62683734946306613       0.13594871771599926     
   8.0199998207390308      -0.62432697998387832       0.25103695352989674     
   8.0299998205155134      -0.62066972076593663       0.36572592996877978     
   8.0399998202919960      -0.61587140139106245       0.47983194821249958     
   8.0499998200684786      -0.60993969339860132       0.59317081250451242     
   8.0599998198449612      -0.60288411643566042       0.70555771206453111     
   8.0699998196214437      -0.59471604528187427       0.81680713363567659     
   8.0799998193979263      -0.58544871737560478       0.92673281134104213     
   8.0899998191744089      -0.57509724040603416        1.0351477200944141     
   8.0999998189508915      -0.56367859947837451        1.1418641182886118     
   8.1099998187273741      -0.55121166330833349        1.2466936448698809     
   8.1199998185038567      -0.53771718885799646        1.3494474751962033     
   8.1299998182803392      -0.52321782378937509        1.4499365392707431     
   8.1399998180568218      -0.50773810608497116        1.5479718050402604     
   8.1499998178333044      -0.49130446016773394        1.6433646284557848     
   8.1599998176097870      -0.47394518884658898        1.7359271709154895     
   8.1699998173862696      -0.45569046041904321        1.8254728835570782     
   8.1799998171627522      -0.43657229027984756        1.9118170566520047     
   8.1899998169392347      -0.41662451641478410        1.9947774310930979     
   8.1999998167157173      -0.39588276820158969        2.0741748676808642     
   8.2099998164921999      -0.37438442799585853        2.1498340686256538     
   8.2199998162686825      -0.35216858504822246        2.2215843444198837     
   8.2299998160451651      -0.32927598137965008        2.2892604180261937     
   8.2399998158216476      -0.30574894933346869        2.3527032572051536     
   8.2499998155981302      -0.28163134062451539        2.4117609248023850     
   8.2599998153746128      -0.25696844681615510        2.4662894359618934     
   8.2699998151510954      -0.23180691127294978        2.5161536105609481     
   8.2799998149275780      -0.20619463275842745        2.5612279087001379     
   8.2899998147040606      -0.18018066097134022        2.6013972368544804     
   8.2999998144805431      -0.15381508443749153        2.6365577123165256     
   8.3099998142570257      -0.12714891129499961        2.6666173738527355     
   8.3199998140335083      -0.10023394362604530        2.6914968270550723     
   8.3299998138099909       -7.3122646095053687E-002   2.7111298136976356     
   8.3399998135864735       -4.5868009749323840E-002   2.7254636954918454     
   8.3499998133629560       -1.8523411920992647E-002   2.7344598439530596     
   8.3599998131394386        8.8575267631812692E-003   2.7380939296185600     
   8.3699998129159212        3.6221087207118655E-002   2.7363561055560641     
   8.3799998126924038        6.3513597416400155E-002   2.7292510819316651     
   8.3899998124688864        9.0681577712347000E-002   2.7167980903198536     
   8.3999998122453690       0.11767188449293112        2.6990307383864502     
   8.4099998120218515       0.14443185146986881        2.6759967575069585     
   8.4199998117983341       0.17090942735552636        2.6477576477477514     
   8.4299998115748167       0.19705330903504370        2.6143882263878631     
   8.4399998113512993       0.22281306933678197        2.5759760877513798     
   8.4499998111277819       0.24813927860586452        2.5326209835167441     
   8.4599998109042645       0.27298361938893906        2.4844341338388864     
   8.4699998106807470       0.29729899365084861        2.4315374805400540     
   8.4799998104572296       0.32103962206301417        2.3740628942810003     
   8.4899998102337122       0.34416113502630613        2.3121513480098050     
   8.4999998100101948       0.36662065521532933        2.2459520691032608     
   8.5099998097866774       0.38837687155379419        2.1756216824754229     
   8.5199998095631599       0.40939010464957482        2.1013233565462985     
   8.5299998093396425       0.42962236383098068        2.0232259633632093     
   8.5399998091161251       0.44903739603077086        1.9415032633749960     
   8.5499998088926077       0.46760072685989851        1.8563331244050454     
   8.5599998086690903       0.48527969429759260        1.7678967832849832     
   8.5699998084455729       0.50204347549718575        1.6763781574292851     
   8.5799998082220554       0.51786310726742824        1.5819632123838772     
   8.5899998079985380       0.53271150083653429        1.4848393900993542     
   8.5999998077750206       0.54656345154081531        1.3851951013896215     
   8.6099998075515032       0.55939564410163856        1.2832192847645085     
   8.6199998073279858       0.57118665416400560        1.1791010325916669     
   8.6299998071044683       0.58191694676783245        1.0730292843667604     
   8.6399998068809509       0.59156887240975276       0.96519258576576339     
   8.6499998066574335       0.60012666132976955       0.85577891112982440     
   8.6599998064339161       0.60757641662424489       0.74497554609903238     
   8.6699998062103987       0.61390610674547608       0.63296902627107632     
   8.6799998059868813       0.61910555789942201       0.51994512701626983     
   8.6899998057633638       0.62316644679797206       0.40608889893180233     
   8.6999998055398464       0.62608229416143746       0.29158474286396624     
   8.7099998053163290       0.62784845930161159       0.17661651796510508     
   8.7199998050928116       0.62846213604668699        6.1367675879210437E-002
   8.7299998048692942       0.62792235019738663       -5.3978586136550488E-002
   8.7399998046457767       0.62622995862971131      -0.16923916055032037     
   8.7499998044222593       0.62338765008452190      -0.28423086087199578     
   8.7599998041987419       0.61939994760857631      -0.39877025650776710     
   8.7699998039752245       0.61427321253640987      -0.51267351867578537     
   8.7799998037517071       0.60801564982838596      -0.62575628478913226     
   8.7899998035281897       0.60063731450816160      -0.73783354851430583     
   8.7999998033046722       0.59215011887354307      -0.84871958243221146     
   8.8099998030811548       0.58256784008910933      -0.95822789986144097     
   8.8199998028576374       0.57190612770794291       -1.0661712619474217     
   8.8299998026341200       0.56018251061425728       -1.1723617355728877     
   8.8399998024106026       0.54741640282957582       -1.2766108070026243     
   8.8499998021870852       0.53362910758337512       -1.3787295554370773     
   8.8599998019635677       0.51884381901570031       -1.4785288898151756     
   8.8699998017400503       0.50308562085513853       -1.5758198512784951     
   8.8799998015165329       0.48638148140159454       -1.6704139826910616     
   8.8899998012930155       0.46876024414037132       -1.7621237655088557     
   8.8999998010694981       0.45025261332283961       -1.8507631231209494     
   8.9099998008459806       0.43089113387006128       -1.9361479885541153     
   8.9199998006224632       0.41071016498951723       -2.0180969331623881     
   8.9299998003989458       0.38974584694176978       -2.0964318516336489     
   8.9399998001754284       0.36803606045340559       -2.1709786973615741     
   8.9499997999519110       0.34562037834462539       -2.2415682609809746     
   8.9599997997283936       0.32254000902373386       -2.3080369836777979     
   8.9699997995048761       0.29883773159558374       -2.3702277957937312     
   8.9799997992813587       0.27455782243546362       -2.4279909702818423     
   8.9899997990578413       0.24974597319239122       -2.4811849797660455     
   8.9999997988343239       0.22444920030438226       -2.5296773453435928     
   9.0099997986108065       0.19871574623083560       -2.5733454648734200     
   9.0199997983872890       0.17259497273131230       -2.6120774083368090     
   9.0299997981637716       0.14613724664311259       -2.6457726679575986     
   9.0399997979402542       0.11939381872950026       -2.6743428511374532     
   9.0499997977167368        9.2416696283483216E-002  -2.6977123049002740     
   9.0599997974932194        6.5258510276083800E-002  -2.7158186614432189     
   9.0699997972697020        3.7972377930516402E-002  -2.7286132955459999     
   9.0799997970461845        1.0611761682346274E-002  -2.7360616859727571     
   9.0899997968226671       -1.6769674451446549E-002  -2.7381436745815626     
   9.0999997965991497       -4.4118210026139769E-002  -2.7348536185980641     
   9.1099997963756323       -7.1380213750474042E-002  -2.7262004333687546     
   9.1199997961521149       -9.8502288392630893E-002  -2.7122075248382478     
   9.1299997959285975      -0.12543141392015372       -2.6929126129435708     
   9.1399997957050800      -0.15211508781408689       -2.6683674490359763     
   9.1499997954815626      -0.17850146154707866       -2.6386374322773190     
   9.1599997952580452      -0.20453947228175323       -2.6038011316669483     
   9.1699997950345278      -0.23017896892760858       -2.5639497218942773     
   9.1799997948110104      -0.25537083178998465       -2.5191863425458081     
   9.1899997945874929      -0.28006708515092882       -2.4696253912948452     
   9.1999997943639755      -0.30422100223651521       -2.4153917625468511     
   9.2099997941404581      -0.32778720214568324       -2.3566200435913647     
   9.2199997939169407      -0.35072173843924620       -2.2934536806189803     
   9.2299997936934233      -0.37298217921172311       -2.2260441270036546     
   9.2399997934699059      -0.39452767859052917       -2.1545499860385489     
   9.2499997932463884      -0.41531903972446826       -2.0791361598662226     
   9.2599997930228710      -0.43531876943429104       -1.9999730156851563     
   9.2699997927993536      -0.45449112480047810       -1.9172355794722604     
   9.2799997925758362      -0.47280215205585424       -1.8311027664659514     
   9.2899997923523188      -0.49021971823192878       -1.7417566565387479     
   9.2999997921288013      -0.50671353607710889       -1.6493818213845712     
   9.3099997919052839      -0.52225518282158145       -1.5541647091855395     
   9.3199997916817665      -0.53681811340743180       -1.4562930911357226     
   9.3299997914582491      -0.55037766883347383       -1.3559555729121688     
   9.3399997912347317      -0.56291108028253500       -1.2533411729204795     
   9.3499997910112143      -0.57439746970503169       -1.1486389679237525     
   9.3599997907876968      -0.58481784752718469       -1.0420378055066601     
   9.3699997905641794      -0.59415510813591998      -0.93372608174393679     
   9.3799997903406620      -0.60239402376620943      -0.82389158144435715     
   9.3899997901171446      -0.60952123738124298      -0.71272137743391528     
   9.3999997898936272      -0.61552525509233424      -0.60040178452915027     
   9.4099997896701097      -0.62039643861480309      -0.48711836313482904     
   9.4199997894465923      -0.62412699819920947      -0.37305596677909236     
   9.4299997892230749      -0.62671098641517242      -0.25839882737195718     
   9.4399997889995575      -0.62814429309850695      -0.14333067153714679     
   9.4499997887760401      -0.62842464170243684       -2.8034861019614249E-002
   9.4599997885525227      -0.62755158722103965        8.7305450091151926E-002
   9.4699997883290052      -0.62552651577868845       0.20250714876150805     
   9.4799997881054878      -0.62235264590386974       0.31738699457601904     
   9.4899997878819704      -0.61803503143018224       0.43176145701936891     
   9.4999997876584530      -0.61258056589234589       0.54544656597531438     
   9.5099997874349356      -0.60599798821147732       0.65825778280006231     
   9.5199997872114182      -0.59829788939253115       0.77000989910567530     
   9.5299997869879007      -0.58949271988850860       0.88051697008333929     
   9.5399997867643833      -0.57959679722166257       0.98959228880371053     
   9.5499997865408659      -0.56862631339238112        1.0970484074490841     
   9.5599997863173485      -0.55659934155263557        1.2026972108569363     
   9.5699997860938311      -0.54353584137378463        1.3063500470842906     
   9.5799997858703136      -0.52945766249909432        1.4078179189362134     
   9.5899997856467962      -0.51438854544051482        1.5069117395400462     
   9.5999997854232788      -0.49835411925798923        1.6034426540922986     
   9.6099997851997614      -0.48138189534872200        1.6972224288626014     
   9.6199997849762440      -0.46350125667421660        1.7880639074168807     
   9.6299997847527266      -0.44474344176517216        1.8757815328314305     
   9.6399997845292091      -0.42514152286905055        1.9601919334258653     
   9.6499997843056917      -0.40473037764262798        2.0411145682647223     
   9.6599997840821743      -0.38354665384225078        2.1183724273870346     
   9.6699997838586569      -0.36162872652769307        2.1917927804461597     
   9.6799997836351395      -0.33901664737104242        2.2612079662070004     
   9.6899997834116220      -0.31575208574919317        2.3264562141852738     
   9.6999997831881046      -0.29187826139625728        2.3873824886557453     
   9.7099997829645872      -0.26743986849913981        2.4438393443358155     
   9.7199997827410698      -0.24248299123397826        2.4956877822991248     
   9.7299997825175524      -0.21705501086113382        2.5427980941204096     
   9.7399997822940350      -0.19120450461970048        2.5850506819237200     
   9.7499997820705175      -0.16498113678661272        2.6223368419225714     
   9.7599997818470001      -0.13843554238777367        2.6545594992179327     
   9.7699997816234827      -0.11161920416650128        2.6816338820664258     
   9.7799997813999653       -8.4584323525306565E-002   2.7034881245471412     
   9.7899997811764479       -5.7383686257956590E-002   2.7200637875331610     
   9.7999997809529305       -3.0070523977485733E-002   2.7313162890967622     
   9.8099997807294130       -2.6983722200949675E-003   2.7372152369206049     
   9.8199997805058956        2.4679073737156706E-002   2.7377446569185291     
   9.8299997802823782        5.2008104266801997E-002   2.7329031140496736     
   9.8399997800588608        7.9235140890168726E-002   2.7227037231938427     
   9.8499997798353434       0.10630688078402686        2.7071740498958698     
   9.8599997796118259       0.13317043921089533        2.6863559027315800     
   9.8699997793883085       0.15977348882574133        2.6603050209470513     
   9.8799997791647911       0.18606439486636547        2.6290906628271702     
   9.8899997789412737       0.21199234530596459        2.5927951019133983     
   9.8999997787177563       0.23750747513239553        2.5515130396738561     
   9.9099997784942389       0.26256098401737960        2.5053509444973638     
   9.9199997782707214       0.28710524674787913        2.4544263279106593     
   9.9299997780472040       0.31109391590855556        2.3988669696864990     
   9.9399997778236866       0.33448201642589254        2.3388101040101783     
   9.9499997776001692       0.35722603170854372        2.2744015791019563     
   9.9599997773766518       0.37928398124210755        2.2057950026597410     
   9.9699997771531343       0.40061548961735277        2.1331508852041621     
   9.9799997769296169       0.42118184708662881        2.0566357928969987     
   9.9899997767060995       0.44094606185175467        1.9764215206890503     
   9.9999997764825821       0.45987290438634493        1.8926842957638188     
