   9.9999997764825821E-003  0.62774306662125490      -0.11494766895157522     
   1.9999999552965164E-002  0.62602232757324450      -0.22902568857916986     
   2.9999999329447746E-002  0.62316589105788911      -0.34205818823344536     
   3.9999999105930328E-002  0.61918508403331463      -0.45387111759766002     
   4.9999998882412910E-002  0.61409296549138204      -0.56429209832184224     
   5.9999998658895493E-002  0.60790431036948145      -0.67315030295030387     
   6.9999998435378075E-002  0.60063559451174486      -0.78027636702343417     
   7.9999998211860657E-002  0.59230498032090118      -0.88550233965734249     
   8.9999997988343239E-002  0.58293230269209961      -0.98866167726736021     
   9.9999997764825821E-002  0.57253905477680134       -1.0895892844051867     
  0.10999999754130840       0.56114837308886079       -1.1881216049265162     
  0.11999999731779099       0.54878502143674068       -1.2840967658990770     
  0.12999999709427357       0.53547537314595395       -1.3773547758040650     
  0.13999999687075615       0.52124739102476736       -1.4677377776823746     
  0.14999999664723873       0.50613060452436043       -1.5550903569380030     
  0.15999999642372131       0.49015608355232587       -1.6392599025436778     
  0.16999999620020390       0.47335640841586413       -1.7200970194094323     
  0.17999999597668648       0.45576563539836196       -1.7974559886869226     
  0.18999999575316906       0.43741925751021693       -1.8711952718062637     
  0.19999999552965164       0.41835416000157077       -1.9411780530953990     
  0.20999999530613422       0.39860857028065899       -2.0072728149334331     
  0.21999999508261681       0.37822200194618971       -2.0693539385589523     
  0.22999999485909939       0.35723519271474946       -2.1273023229126822     
  0.23999999463558197       0.33569003610370352       -2.1810060132613156     
  0.24999999441206455       0.31362950681522805       -2.2303608308455494     
  0.25999999418854713       0.29109757985659684       -2.2752709944382188     
  0.26999999396502972       0.26813914352410440       -2.3156497245033707     
  0.27999999374151230       0.24479990647135336       -2.3514198206264076     
  0.28999999351799488       0.22112629917527679       -2.3825142030473789     
  0.29999999329447746       0.19716537020335931       -2.4088764094778092     
  0.30999999307096004       0.17296467777120086       -2.4304610389149457     
  0.31999999284744263       0.14857217715900975       -2.4472341348794129     
  0.32999999262392521       0.12403610462708722       -2.4591735013811582     
  0.33999999240040779        9.9404858532286478E-002  -2.4662689459472076     
  0.34999999217689037        7.4726878398403251E-002  -2.4685224452012648     
  0.35999999195337296        5.0050522732331446E-002  -2.4659482297435522     
  0.36999999172985554        2.5423946403721476E-002  -2.4585727864100062     
  0.37999999150633812        8.9497841824721577E-004  -2.4464347773610946     
  0.38999999128282070       -2.3488999086820426E-002  -2.4295848768288146     
  0.39999999105930328       -4.7681169811120999E-002  -2.4080855277022915     
  0.40999999083578587       -7.1635399438516323E-002  -2.3820106214252252     
  0.41999999061226845       -9.5306348218769252E-002  -2.3514451058816350     
  0.42999999038875103      -0.11864957929145870       -2.3164845270323928     
  0.43999999016523361      -0.14162166212248034       -2.2772345110103331     
  0.44999998994171619      -0.16418027049463008       -2.2338101941672974     
  0.45999998971819878      -0.18628427457191132       -2.1863356091784918     
  0.46999998949468136      -0.20789382664056505       -2.1349430357395169     
  0.47999998927116394      -0.22897044021655322       -2.0797723246363180     
  0.48999998904764652      -0.24947706229748803       -2.0209702040303164     
  0.49999998882412910      -0.26937813862499332       -1.9586895766871486     
  0.50999998860061169      -0.28863967190950596       -1.8930888165991764     
  0.51999998837709427      -0.30722927305200348       -1.8243310730242703     
  0.52999998815357685      -0.32511620547467174       -1.7525835894043322     
  0.53999998793005943      -0.34227142274388977       -1.6780170439566569     
  0.54999998770654202      -0.35866759973310181       -1.6008049179709971     
  0.55999998748302460      -0.37427915762937647       -1.5211228970169990     
  0.56999998725950718      -0.38908228313515630       -1.4391483093923250     
  0.57999998703598976      -0.40305494225551347       -1.3550596052422184     
  0.58999998681247234      -0.41617688909100492       -1.2690358788761398     
  0.59999998658895493      -0.42842967007699173       -1.1812564359143010     
  0.60999998636543751      -0.43979662412226123       -1.0919004060322759     
  0.61999998614192009      -0.45026287910331558       -1.0011464012490012     
  0.62999998591840267      -0.45981534516624539      -0.90917221893368638     
  0.63999998569488525      -0.46844270527626697      -0.81615458799946039     
  0.64999998547136784      -0.47613540343642557      -0.72226895611280273     
  0.65999998524785042      -0.48288563097236969      -0.62768931518273530     
  0.66999998502433300      -0.48868731125023207      -0.53258806190534880     
  0.67999998480081558      -0.49353608316029424      -0.43713588972888523     
  0.68999998457729816      -0.49742928366103539      -0.34150170827233517     
  0.69999998435378075      -0.50036592963715820      -0.24585258597530407     
  0.70999998413026333      -0.50234669928199971      -0.15035371157688204     
  0.71999998390674591      -0.50337391317011670       -5.5168369913931856E-002
  0.72999998368322849      -0.50345151514049635        3.9542072508316053E-002
  0.73999998345971107      -0.50258505306546275       0.13361817669137352     
  0.74999998323619366      -0.50078165953558151       0.22690243948990219     
  0.75999998301267624      -0.49805003244732277       0.31923930540263684     
  0.76999998278915882      -0.49440041543850988       0.41047518587208598     
  0.77999998256564140      -0.48984457807720816       0.50045848989510944     
  0.78999998234212399      -0.48439579567320612       0.58903966943450614     
  0.79999998211860657      -0.47806882854809646       0.67607128276345430     
  0.80999998189508915      -0.47087990057061702       0.76140807847365799     
  0.81999998167157173      -0.46284667673877239       0.84490710243823930     
  0.82999998144805431      -0.45398823956969298       0.92642782954597502     
  0.83999998122453690      -0.44432506404252226        1.0058323215190581     
  0.84999998100101948      -0.43387899082913023        1.0829854115973248     
  0.85999998077750206      -0.42267319754235061        1.1577549163236058     
  0.86999998055398464      -0.41073216773189175        1.2300118741039543     
  0.87999998033046722      -0.39808165736416412        1.2996308096500839     
  0.88999998010694981      -0.38474865853402301        1.3664900228472039     
  0.89999997988343239      -0.37076136017377387        1.4304719000369592     
  0.90999997965991497      -0.35614910554758117        1.4914632451713250     
  0.91999997943639755      -0.34094234634741855        1.5493556277883840     
  0.92999997921288013      -0.32517259323955694        1.6040457442945122     
  0.93999997898936272      -0.30887236274788077        1.6554357886191482     
  0.94999997876584530      -0.29207512040151679        1.7034338279473547     
  0.95999997854232788      -0.27481522011874321        1.7479541789405806     
  0.96999997831881046      -0.25712783984621040        1.7889177796353624     
  0.97999997809529305      -0.23904891352137772        1.8262525520700246     
  0.98999997787177563      -0.22061505947590937        1.8598937506362148     
  0.99999997764825821      -0.20186350544769668        1.8897842911890952     
   1.0099999774247408      -0.18283201041826613        1.9158750560791384     
   1.0199999772012234      -0.16355878353967371        1.9381251704895117     
   1.0299999769777060      -0.14408240045966550        1.9565022457736438     
   1.0399999767541885      -0.12444171739502756        1.9709825858831063     
   1.0499999765306711      -0.10467578333983873        1.9815513534496128     
   1.0599999763071537       -8.4823750827039329E-002   1.9882026926278202     
   1.0699999760836363       -6.4924785687696662E-002   1.9909398064069128     
   1.0799999758601189       -4.5017976272063123E-002   1.9897749867462164     
   1.0899999756366014       -2.5142242609590460E-002   1.9847295965695997     
   1.0999999754130840       -5.3362459912373594E-003   1.9758340033505231     
   1.1099999751895666        1.4361700543416425E-002   1.9631274647191708     
   1.1199999749660492        3.3913720339503566E-002   1.9466579672099829     
   1.1299999747425318        5.3282459420416158E-002   1.9264820199273320     
   1.1399999745190144        7.2431170502241821E-002   1.9026644055251738     
   1.1499999742954969        9.1323794316594722E-002   1.8752778914605530     
   1.1599999740719795       0.10992503786150096        1.8444029049798338     
   1.1699999738484621       0.12820044923677609        1.8101271757212241     
   1.1799999736249447       0.14611648876095640        1.7725453501605184     
   1.1899999734014273       0.16364059611047321        1.7317585823841102     
   1.1999999731779099       0.18074125326751747        1.6878741058416524     
   1.2099999729543924       0.19738804311003366        1.6410047908099539     
   1.2199999727308750       0.21355170352462982        1.5912686922916157     
   1.2299999725073576       0.22920417697003306        1.5387885929803626     
   1.2399999722838402       0.24431865546425441        1.4836915457555908     
   1.2499999720603228       0.25886962101210431        1.4261084199284315     
   1.2599999718368053       0.27283288153045693        1.3661734551589113     
   1.2699999716132879       0.28618560236611618        1.3040238266077830     
   1.2799999713897705       0.29890633353480395        1.2397992244870781     
   1.2899999711662531       0.31097503283928984        1.1736414507404940     
   1.2999999709427357       0.32237308504972478        1.1056940351284457     
   1.3099999707192183       0.33308331734964547        1.0361018725228452     
   1.3199999704957008       0.34309001126679695       0.96501088274279900     
   1.3299999702721834       0.35237891131887716       0.89256769379320189     
   1.3399999700486660       0.36093723061062943       0.81891934891163387     
   1.3499999698251486       0.36875365362055901       0.74421303739213962     
   1.3599999696016312       0.37581833641315554       0.66859584874358968     
   1.3699999693781137       0.38212290450615433       0.59221454936061158     
   1.3799999691545963       0.38766044861239440       0.51521538054083760     
   1.3899999689310789       0.39242551846260998       0.43774387637681655     
   1.3999999687075615       0.39641411489941797       0.35994469978690863     
   1.4099999684840441       0.39962368041426677       0.28196149472854309     
   1.4199999682605267       0.40205308827862424       0.20393675246038731     
   1.4299999680370092       0.40370263039864884       0.12601168958761186     
   1.4399999678134918       0.40457400399945365        4.8326135536356035E-002
   1.4499999675899744       0.40467029722127451       -2.8981572940985453E-002
   1.4599999673664570       0.40399597368582729      -0.10577469263002014     
   1.4699999671429396       0.40255685606729519      -0.18191817244948397     
   1.4799999669194221       0.40036010867913574      -0.25727875206027950     
   1.4899999666959047       0.39741421906561336      -0.33172506265602153     
   1.4999999664723873       0.39372897856601130      -0.40512773195240609     
   1.5099999662488699       0.38931546180019150      -0.47735949521018650     
   1.5199999660253525       0.38418600500685973      -0.54829531391458219     
   1.5299999658018351       0.37835418315083702      -0.61781250349562300     
   1.5399999655783176       0.37183478570308282      -0.68579087121256044     
   1.5499999653548002       0.36464379098737487      -0.75211286504462227     
   1.5599999651312828       0.35679833898059909      -0.81666373413386473     
   1.5699999649077654       0.34831670244967927      -0.87933170101777602     
   1.5799999646842480       0.33921825630737346      -0.94000814557391921     
   1.5899999644607306       0.32952344507153086      -0.99858780028083982     
   1.5999999642372131       0.31925374831794684       -1.0549689560834554     
   1.6099999640136957       0.30843164402562379       -1.1090536778421112     
   1.6199999637901783       0.29708056972495350       -1.1607480280474467     
   1.6299999635666609       0.28522488137393115       -1.2099622972032236     
   1.6399999633431435       0.27288980990480055       -1.2566112390213164     
   1.6499999631196260       0.26010141540326970       -1.3006143083420096     
   1.6599999628961086       0.24688653890432932       -1.3418958994931702     
   1.6699999626725912       0.23327275181242377       -1.3803855826380029     
   1.6799999624490738       0.21928830297888294       -1.4160183355366733     
   1.6899999622255564       0.20496206349571730       -1.4487347680652469     
   1.6999999620020390       0.19032346929166619       -1.4784813367985594     
   1.7099999617785215       0.17540246164331369       -1.5052105469734298     
   1.7199999615550041       0.16022942574067625       -1.5288811392057702     
   1.7299999613314867       0.14483512747244762       -1.5494582584394185     
   1.7399999611079693       0.12925064862059479       -1.5669136027546986     
   1.7499999608844519       0.11350732067678369       -1.5812255498585737     
   1.7599999606609344        9.7636657513754679E-002  -1.5923792593126074     
   1.7699999604374170        8.1670287162879440E-002  -1.6003667488256352     
   1.7799999602138996        6.5639882964374771E-002  -1.6051869432400900     
   1.7899999599903822        4.9577094368738556E-002  -1.6068456951685723     
   1.7999999597668648        3.3513477676685034E-002  -1.6053557765841586     
   1.8099999595433474        1.7480427010031118E-002  -1.6007368410272891     
   1.8199999593198299        1.5091058075337518E-003  -1.5930153564567588     
   1.8299999590963125       -1.4369620862416665E-002  -1.5822245091351759     
   1.8399999588727951       -3.0125252886026209E-002  -1.5684040792930918     
   1.8499999586492777       -4.5727720308179329E-002  -1.5516002896540384     
   1.8599999584257603       -6.1147446891724487E-002  -1.5318656282184777     
   1.8699999582022429       -7.6355411782760479E-002  -1.5092586469923892     
   1.8799999579787254       -9.1323209050880705E-002  -1.4838437386008150     
   1.8899999577552080      -0.10602310489385526       -1.4556908929439145     
   1.8999999575316906      -0.12042809231872457       -1.4248754362296947     
   1.9099999573081732      -0.13451194313532505       -1.3914777548512522     
   1.9199999570846558      -0.14824925712343001       -1.3555830066658472     
   1.9299999568611383      -0.16161550826052423       -1.3172808222781276     
   1.9399999566376209      -0.17458708792329561       -1.2766649989310626     
   1.9499999564141035      -0.18714134500179180       -1.2338331895672117     
   1.9599999561905861      -0.19925662289044452       -1.1888865895423142     
   1.9699999559670687      -0.21091229334442610       -1.1419296233559619     
   1.9799999557435513      -0.22208878721272546       -1.0930696336140970     
   1.9899999555200338      -0.23276762208060600       -1.0424165742594937     
   1.9999999552965164      -0.24293142687347438      -0.99008270990382763     
   2.0099999550729990      -0.25256396349142934      -0.93618232287324199     
   2.0199999548494816      -0.26165014555870869      -0.88083142934340386     
   2.0299999546259642      -0.27017605438479081      -0.82414750569482054     
   2.0399999544024467      -0.27812895224396739      -0.76624922596946288     
   2.0499999541789293      -0.28549729308776384      -0.70725621106010916     
   2.0599999539554119      -0.29227073080966565      -0.64728879001860351     
   2.0699999537318945      -0.29844012518427754      -0.58646777363239211     
   2.0799999535083771      -0.30399754560340003      -0.52491424019385136     
   2.0899999532848597      -0.30893627272968982      -0.46274933317722916     
   2.0999999530613422      -0.31325079818474405      -0.40009407034621902     
   2.1099999528378248      -0.31693682238280185      -0.33706916364356909     
   2.1199999526143074      -0.31999125061400413      -0.27379484906454304     
   2.1299999523907900      -0.32241218747251921      -0.21039072558991667     
   2.1399999521672726      -0.32419892971507008      -0.14697560215251054     
   2.1499999519437551      -0.32535195762473457       -8.3667351534633477E-002
   2.1599999517202377      -0.32587292494358588       -2.0582770042478368E-002
   2.1699999514967203      -0.32576464742604955        4.2162558222644156E-002
   2.1799999512732029      -0.32503109005302488       0.10445439367776070     
   2.1899999510496855      -0.32367735293509692       0.16617997131530857     
   2.1999999508261681      -0.32170965592178530       0.22722812961716268     
   2.2099999506026506      -0.31913532192296235       0.28748943937162208     
   2.2199999503791332      -0.31596275893853459       0.34685633335180266     
   2.2299999501556158      -0.31220144078341400       0.40522323770781210     
   2.2399999499320984      -0.30786188648688101       0.46248670580242723     
   2.2499999497085810      -0.30295563833882061       0.51854555508286071     
   2.2599999494850636      -0.29749523855012355       0.57330100743187828     
   2.2699999492615461      -0.29149420449090158       0.62665683328244293     
   2.2799999490380287      -0.28496700246815049       0.67851949961379165     
   2.2899999488145113      -0.27792902000416791       0.72879832177607962     
   2.2999999485909939      -0.27039653657842333       0.77740561891822635     
   2.3099999483674765      -0.26238669279869165       0.82425687262221026     
   2.3199999481439590      -0.25391745797207138       0.86927088817963938     
   2.3299999479204416      -0.24500759605295971       0.91236995778583496     
   2.3399999476969242      -0.23567662995306948       0.95348002477570448     
   2.3499999474734068      -0.22594480420803520       0.99253084788705759     
   2.3599999472498894      -0.21583304600593053        1.0294561644133069     
   2.3699999470263720      -0.20536292459494876        1.0641938510010611     
   2.3799999468028545      -0.19455660910039446        1.0966860807610979     
   2.3899999465793371      -0.18343682479479773        1.1268794752954399     
   2.3999999463558197      -0.17202680787916910        1.1547252502002456     
   2.4099999461323023      -0.16035025884793297        1.1801793525850903     
   2.4199999459087849      -0.14843129452466414        1.2032025891546503     
   2.4299999456852674      -0.13629439887016226        1.2237607434290696     
   2.4399999454617500      -0.12396437267838099        1.2418246807341653     
   2.4499999452382326      -0.11146628228904296        1.2573704396714211     
   2.4599999450147152       -9.8825407458182329E-002   1.2703793088792614     
   2.4699999447911978       -8.6067188539144968E-002   1.2808378880197546     
   2.4799999445676804       -7.3217173136540609E-002   1.2887381320665960     
   2.4899999443441629       -6.0300962404103882E-002   1.2940773781285058     
   2.4999999441206455       -4.7344157164228892E-002   1.2968583542142236     
   2.5099999438971281       -3.4372304031973840E-002   1.2970891695279947     
   2.5199999436736107       -2.1410841729496997E-002   1.2947832860744888     
   2.5299999434500933       -8.4850477781274556E-003   1.2899594715460174     
   2.5399999432265759        4.3800142454276138E-003   1.2826417336591773     
   2.5499999430030584        1.7159546704868876E-002   1.2728592362991267     
   2.5599999427795410        2.9829068972725470E-002   1.2606461980141939     
   2.5699999425560236        4.2364467398362186E-002   1.2460417735781650     
   2.5799999423325062        5.4742044010519839E-002   1.2290899194994096     
   2.5899999421089888        6.6938563798872919E-002   1.2098392445023092     
   2.5999999418854713        7.8931300430001627E-002   1.1883428461349210     
   2.6099999416619539        9.0698080265275816E-002   1.1646581347655625     
   2.6199999414384365       0.10221732456123139        1.1388466463185676     
   2.6299999412149191       0.11346808974686806        1.1109738451648821     
   2.6399999409914017       0.12443010568668664        1.0811089186258915     
   2.6499999407678843       0.13508381185298701        1.0493245645689020     
   2.6599999405443668       0.14541039134573869        1.0156967735704028     
   2.6699999403208494       0.15539180271299557       0.98030460709948175     
   2.6799999400973320       0.16501080953914632       0.94322997312975410     
   2.6899999398738146       0.17425100778207622       0.90455740052547251     
   2.6999999396502972       0.18309685085338873       0.86437381346796927     
   2.7099999394267797       0.19153367244803546       0.82276830709433979     
   2.7199999392032623       0.19954770714089892       0.77983192541359603     
   2.7299999389797449       0.20712610877794696       0.73565744244880893     
   2.7399999387562275       0.21425696669844749       0.69033914742950409     
   2.7499999385327101       0.22092931983233058       0.64397263472927579     
   2.7599999383091927       0.22713316872307576       0.59665459911171548     
   2.7699999380856752       0.23285948553147259       0.54848263671570663     
   2.7799999378621578       0.23810022207925957       0.49955505208120377     
   2.7899999376386404       0.24284831599402512       0.44997067139092439     
   2.7999999374151230       0.24709769501790479       0.39982866198389777     
   2.8099999371916056       0.25084327954260272       0.34922835808529712     
   2.8199999369680882       0.25408098343219176       0.29826909259498130     
   2.8299999367445707       0.25680771319310441       0.24705003468600670     
   2.8399999365210533       0.25902136554783345       0.19567003288513618     
   2.8499999362975359       0.26072082346523784       0.14422746324092023     
   2.8599999360740185       0.26190595069612821        9.2820082131879755E-002
   2.8699999358505011       0.26257758485812444        4.1544883228075036E-002
   2.8799999356269836       0.26273752910877174       -9.5020419059352323E-003
   2.8899999354034662       0.26238854244071458       -6.0225640090095560E-002
   2.8999999351799488       0.26153432862749321      -0.11053203021085195     
   2.9099999349564314       0.26017952384338572      -0.16032863481163809     
   2.9199999347329140       0.25832968297579334      -0.20952431006919464     
   2.9299999345093966       0.25599126464408417      -0.25802947459311271     
   2.9399999342858791       0.25317161493468204      -0.30575623743518249     
   2.9499999340623617       0.24987894985861694      -0.35261852563455426     
   2.9599999338388443       0.24612233653483265      -0.39853221155560076     
   2.9699999336153269       0.24191167310035464      -0.44341524019904299     
   2.9799999333918095       0.23725766734702247      -0.48718775658478880     
   2.9899999331682920       0.23217181408393558      -0.52977223321854738     
   2.9999999329447746       0.22666637122508493      -0.57109359756518652     
   3.0099999327212572       0.22075433460286428      -0.61107935936160196     
   3.0199999324977398       0.21444941151027730      -0.64965973751219663     
   3.0299999322742224       0.20776599297766513      -0.68676778622254864     
   3.0399999320507050       0.20071912479364734      -0.72233951994307688     
   3.0499999318271875       0.19332447728464777      -0.75631403661604601     
   3.0599999316036701       0.18559831387280873      -0.78863363864756120     
   3.0699999313801527       0.17755745843820553      -0.81924395096266522     
   3.0799999311566353       0.16921926151797165      -0.84809403544751871     
   3.0899999309331179       0.16060156538213191      -0.87513650103902518     
   3.0999999307096004       0.15172266803350898      -0.90032760869008654     
   3.1099999304860830       0.14260128618689641      -0.92362737041869380     
   3.1199999302625656       0.13325651729065680      -0.94499964164179973     
   3.1299999300390482       0.12370780066187616      -0.96441220600070698     
   3.1399999298155308       0.11397487781405449      -0.98183685190361247     
   3.1499999295920134       0.10407775206390751      -0.99724944004282035     
   3.1599999293684959        9.4036647511066995E-002  -1.0106299611885770     
   3.1699999291449785        8.3871967491175620E-002  -1.0219625836178552     
   3.1799999289214611        7.3604252608959961E-002  -1.0312356896038646     
   3.1899999286979437        6.3254138463228110E-002  -1.0384419004695153     
   3.1999999284744263        5.2842313180281403E-002  -1.0435780897942617     
   3.2099999282509089        4.2389474875873308E-002  -1.0466453844572534     
   3.2199999280273914        3.1916289168526665E-002  -1.0476491532989747     
   3.2299999278038740        2.1443346868684522E-002  -1.0465989832868643     
   3.2399999275803566        1.0991121968787603E-002  -1.0435086431760523     
   3.2499999273568392        5.7993005892848469E-004  -1.0383960347625281     
   3.2599999271333218       -9.7701127087672455E-003  -1.0312831319309990     
   3.2699999269098043       -2.0039129986418602E-002  -1.0221959078016716     
   3.2799999266862869       -3.0207524810245079E-002  -1.0111642503775293     
   3.2899999264627695       -4.0256018281397854E-002 -0.99822186718483752     
   3.2999999262392521       -5.0165687240515608E-002 -0.98340617948317799     
   3.3099999260157347       -5.9918000834898975E-002 -0.96675820669606161     
   3.3199999257922173       -6.9494855884041237E-002 -0.94832244177803526     
   3.3299999255686998       -7.8878610956692199E-002 -0.92814671828836504     
   3.3399999253451824       -8.8052119080556823E-002 -0.90628206998420902     
   3.3499999251216650       -9.6998759014024799E-002 -0.88278258377731833     
   3.3599999248981476      -0.10570246501787392      -0.85770524691755290     
   3.3699999246746302      -0.11414775507356967      -0.83110978927394508     
   3.3799999244511127      -0.12231975750347998      -0.80305852157996838     
   3.3899999242275953      -0.13020423595692376      -0.77361617049455933     
   3.3999999240040779      -0.13778761273436818      -0.74284971130496669     
   3.4099999237805605      -0.14505699043018283      -0.71082819906250228     
   3.4199999235570431      -0.15200017188205850      -0.67762259889872256     
   3.4299999233335257      -0.15860567842242360      -0.64330561621856552     
   3.4399999231100082      -0.16486276643387540      -0.60795152740969871     
   3.4499999228864908      -0.17076144221672740      -0.57163601164504074     
   3.4599999226629734      -0.17629247518221566      -0.53443598428939276     
   3.4699999224394560      -0.18144740938967605      -0.49642943235265058     
   3.4799999222159386      -0.18621857345008025      -0.45769525236245179     
   3.4899999219924212      -0.19059908882169957      -0.41831309095959351     
   3.4999999217689037      -0.19458287652635495      -0.37836318845133393     
   3.5099999215453863      -0.19816466231673199      -0.33792622549188472     
   3.5199999213218689      -0.20133998032661729      -0.29708317299705039     
   3.5299999210983515      -0.20410517523668778      -0.25591514534200466     
   3.5399999208748341      -0.20645740298870649      -0.21450325683843918     
   3.5499999206513166      -0.20839463008070080      -0.17292848144047446     
   3.5599999204277992      -0.20991563147498565      -0.13127151558836669     
   3.5699999202042818      -0.21101998714981149       -8.9612644065625385E-002
   3.5799999199807644      -0.21170807732403590       -4.8031608718989753E-002
   3.5899999197572470      -0.21198107638261254       -6.6074798719905903E-003
   3.5999999195337296      -0.21184094552893568        3.4581469748397528E-002
   3.6099999193102121      -0.21129042418824892        7.5457888756290142E-002
   3.6199999190866947      -0.21033302018449540       0.11594546870341635     
   3.6299999188631773      -0.20897299871122513       0.15596906369800409     
   3.6399999186396599      -0.20721537011555127       0.19545480819941352     
   3.6499999184161425      -0.20506587651272384       0.23433023311886364     
   3.6599999181926250      -0.20253097724772412       0.27252438032809473     
   3.6699999179691076      -0.19961783321942758       0.30996791564451109     
   3.6799999177455902      -0.19633429008238157       0.34659324032399758     
   3.6899999175220728      -0.19268886034113278       0.38233460105199524     
   3.6999999172985554      -0.18869070435234744       0.41712819838039716     
   3.7099999170750380      -0.18434961025071342       0.45091229351326656     
   3.7199999168515205      -0.17967597281580952       0.48362731329917868     
   3.7299999166280031      -0.17468077129877477       0.51521595324305369     
   3.7399999164044857      -0.16937554622970175       0.54562327830657742     
   3.7499999161809683      -0.16377237522919838       0.57479682122458164     
   3.7599999159574509      -0.15788384785048559       0.60268667802591724     
   3.7699999157339334      -0.15172303948169233       0.62924560041220401     
   3.7799999155104160      -0.14530348434163323       0.65442908461711347     
   3.7899999152868986      -0.13863914760626059       0.67819545634320277     
   3.7999999150633812      -0.13174439670711668       0.70050595135334282     
   3.8099999148398638      -0.12463397184741687       0.72132479127995841     
   3.8199999146163464      -0.11732295578580360       0.74061925420799535     
   3.8299999143928289      -0.10982674294226080       0.75835973958701552     
   3.8399999141693115      -0.10216100788509765       0.77451982703424016     
   3.8499999139457941       -9.4341673262231404E-002  0.78907632860373367     
   3.8599999137222767       -8.6384877244151767E-002  0.80200933411714881     
   3.8699999134987593       -7.8306940549865672E-002  0.81330224917830629     
   3.8799999132752419       -7.0124333130738348E-002  0.82294182552702222     
   3.8899999130517244       -6.1853640590401743E-002  0.83091818342655821     
   3.8999999128282070       -5.3511530421740859E-002  0.83722482582329349     
   3.9099999126046896       -4.5114718144341537E-002  0.84185864406604161     
   3.9199999123811722       -3.6679933427648477E-002  0.84481991502511822     
   3.9299999121576548       -2.8223886286404654E-002  0.84611228950699735     
   3.9399999119341373       -1.9763233435696435E-002  0.84574277191831071     
   3.9499999117106199       -1.1314544893095864E-002  0.84372169119214657     
   3.9599999114871025       -2.8942709149637879E-003  0.84006266304918020     
   3.9699999112635851        5.4812906470439165E-003  0.83478254372519667     
   3.9799999110400677        1.3796026484829992E-002  0.82790137535415453     
   3.9899999108165503        2.2034039385802680E-002  0.81944232325122235     
   3.9999999105930328        3.0179679118357318E-002  0.80943160539239278     
   4.0099999103695154        3.8217572574545465E-002  0.79789841443559473     
   4.0199999101459980        4.6132653097256671E-002  0.78487483267202796     
   4.0299999099224806        5.3910188923323318E-002  0.77039574033516212     
   4.0399999096989632        6.1535810678404156E-002  0.75449871772801025     
   4.0499999094754457        6.8995537864249556E-002  0.73722394165654315     
   4.0599999092519283        7.6275804283940984E-002  0.71861407667821375     
   4.0699999090284109        8.3363482355866103E-002  0.69871416168937150     
   4.0799999088048935        9.0245906272476528E-002  0.67757149238385395     
   4.0899999085813761        9.6910893965214739E-002  0.65523550011733378     
   4.0999999083578587       0.10334676784232845       0.63175762770827493     
   4.1099999081343412       0.10954237427155689       0.60719120269690996     
   4.1199999079108238       0.11548710178481765       0.58159130856886998     
   4.1299999076873064       0.12117089798699464       0.55501465443045683     
   4.1399999074637890       0.12658428515568101       0.52751944359856295     
   4.1499999072402716       0.13171837452322510       0.49916524154051584     
   4.1599999070167542       0.13656487923662805       0.47001284356827883     
   4.1699999067932367       0.14111612599472140       0.44012414265813360     
   4.1799999065697193       0.14536506536558955       0.40956199773188517     
   4.1899999063462019       0.14930528079038258       0.37839010269944195     
   4.1999999061226845       0.15293099628247944       0.34667285652600427     
   4.2099999058991671       0.15623708283341226       0.31447523455069798     
   4.2199999056756496       0.15921906353905121       0.28186266124793258     
   4.2299999054521322       0.16187311746129074       0.24890088458863183     
   4.2399999052286148       0.16419608224188603       0.21565585212630836     
   4.2499999050050974       0.16618545548618768       0.18219358890321358     
   4.2599999047815800       0.16783939493533767       0.14858007724490707     
   4.2699999045580626       0.16915671744605215       0.11488113848790743     
   4.2799999043345451       0.17013689679745869        8.1162316664892986E-002
   4.2899999041110277       0.17078006034461521        4.7488764155428145E-002
   4.2999999038875103       0.17108698453835064        1.3925129297540480E-002
   4.3099999036639929       0.17105908933097416       -1.9464554053268260E-002
   4.3199999034404755       0.17069843148723751       -5.2616975035827802E-002
   4.3299999032169580       0.17000769681974501       -8.5469652385170319E-002
   4.3399999029934406       0.16899019136782362      -0.11796103914101508     
   4.3499999027699232       0.16764983153872806      -0.15003062547321522     
   4.3599999025464058       0.16599113322999748      -0.18161903962507339     
   4.3699999023228884       0.16401919995183023      -0.21266814696305919     
   4.3799999020993710       0.16173970996853154      -0.24312114710651189     
   4.3899999018758535       0.15915890247843628      -0.27292266909378388     
   4.3999999016523361       0.15628356285223835      -0.30201886452240451     
   4.4099999014288187       0.15312100695038205      -0.33035749858067859     
   4.4199999012053013       0.14967906454110125      -0.35788803886715392     
   4.4299999009817839       0.14596606184183439      -0.38456174187308634     
   4.4399999007582664       0.14199080320809829      -0.41033173698189090     
   4.4499999005347490       0.13776255199546675      -0.43515310781907923     
   4.4599999003112316       0.13329101062206353      -0.45898297076682082     
   4.4699999000877142       0.12858629986092782      -0.48178055043948392     
   4.4799998998641968       0.12365893739372784      -0.50350725190073575     
   4.4899998996406794       0.11851981565956148      -0.52412672938940374     
   4.4999998994171619       0.11318017903496641      -0.54360495131066910     
   4.5099998991936445       0.10765160038373711      -0.56191026124158017     
   4.5199998989701271       0.10194595701768044      -0.57901343469559197     
   4.5299998987466097        9.6075406112001591E-002 -0.59488773139004258     
   4.5399998985230923        9.0052359621561717E-002 -0.60950894276330303     
   4.5499998982995749        8.3889458746751994E-002 -0.62285543449485248     
   4.5599998980760574        7.7599548000148233E-002 -0.63490818379173108     
   4.5699998978525400        7.1195648927409358E-002 -0.64565081121865553     
   4.5799998976290226        6.4690933538026518E-002 -0.65506960686640914     
   4.5899998974055052        5.8098697503482899E-002 -0.66315355067376203     
   4.5999998971819878        5.1432333182115403E-002 -0.66989432674188054     
   4.6099998969584703        4.4705302531449768E-002 -0.67528633150665418     
   4.6199998967349529        3.7931109969983619E-002 -0.67932667566325222     
   4.6299998965114355        3.1123275251295775E-002 -0.68201517976812620     
   4.6399998962879181        2.4295306413946557E-002 -0.68335436347617773     
   4.6499998960644007        1.7460672870889066E-002 -0.68334942840446111     
   4.6599998958408833        1.0632778702026287E-002 -0.68200823464811067     
   4.6699998956173658        3.8249362131193851E-003 -0.67934127100870656     
   4.6799998953938484       -2.9496601765213720E-003 -0.67536161902952685     
   4.6899998951703310       -9.6779596562444198E-003 -0.67008491096562028     
   4.6999998949468136       -1.6347080296286752E-002 -0.66352928184891202     
   4.7099998947232962       -2.2944333811906126E-002 -0.65571531583919884     
   4.7199998944997787       -2.9457249763349465E-002 -0.64666598708050993     
   4.7299998942762613       -3.5873599137919425E-002 -0.63640659530854315     
   4.7399998940527439       -4.2181417262978319E-002 -0.62496469647843256     
   4.7499998938292265       -4.8369026001526677E-002 -0.61237002870269974     
   4.7599998936057091       -5.4425055184982335E-002 -0.59865443380668548     
   4.7699998933821917       -6.0338463240932193E-002 -0.58385177482290018     
   4.7799998931586742       -6.6098556976900036E-002 -0.56799784975648904     
   4.7899998929351568       -7.1695010484535124E-002 -0.55113030196134016     
   4.7999998927116394       -7.7117883132044193E-002 -0.53328852747030664     
   4.8099998924881220       -8.2357636616129812E-002 -0.51451357962364130     
   4.8199998922646046       -8.7405151048129043E-002 -0.49484807133719333     
   4.8299998920410872       -9.2251740052436484E-002 -0.47433607534636874     
   4.8399998918175697       -9.6889164858616136E-002 -0.45302302275353745     
   4.8499998915940523      -0.10130964737183136      -0.43095560019574014     
   4.8599998913705349      -0.10550588220932713      -0.40818164593650436     
   4.8699998911470175      -0.10947104769366345      -0.38475004517064021     
   4.8799998909235001      -0.11319881579620621      -0.36071062481439176     
   4.8899998906999826      -0.11668336102701789      -0.33611404803562134     
   4.8999998904764652      -0.11991936826974493      -0.31101170876015943     
   4.9099998902529478      -0.12290203956236495      -0.28545562637141725     
   4.9199998900294304      -0.12562709982673215      -0.25949834080118450     
   4.9299998898059130      -0.12809080155174307      -0.23319280819055682     
   4.9399998895823956      -0.13028992843664144      -0.20659229728147555     
   4.9499998893588781      -0.13222179800249659      -0.17975028668171400     
   4.9599998891353607      -0.13388426318123448      -0.15272036312957665     
   4.9699998889118433      -0.13527571289278545      -0.12555612086933077     
   4.9799998886883259      -0.13639507162195286       -9.8311062234666943E-002
   4.9899998884648085      -0.13724179800751873       -7.1038499525456267E-002
   4.9999998882412910      -0.13781588245690166       -4.3791458252864873E-002
   5.0099998880177736      -0.13811784380039061       -1.6622581819596555E-002
   5.0199998877942562      -0.13814872499961217        1.0415962304289556E-002
   5.0299998875707388      -0.13791008792547013        3.7272574853881538E-002
   5.0399998873472214      -0.13740400722134360        6.3896315436518941E-002
   5.0499998871237040      -0.13663306326786351        9.0236991540272718E-002
   5.0599998869001865      -0.13560033426612392       0.11624524582926929     
   5.0699998866766691      -0.13430938745674445       0.14187264166835362     
   5.0799998864531517      -0.13276426949279549       0.16707174681510362     
   5.0899998862296343      -0.13096949598524640       0.19179621521140119     
   5.0999998860061169      -0.12893004024030849       0.21600086679984404     
   5.1099998857825994      -0.12665132120883002       0.23964176528247172     
   5.1199998855590820      -0.12413919066876790       0.26267629373082496     
   5.1299998853355646      -0.12139991966271441       0.28506322794750982     
   5.1399998851120472      -0.11844018421350046       0.30676280747045714     
   5.1499998848885298      -0.11526705034202987       0.32773680410221734     
   5.1599998846650124      -0.11188795841271801       0.34794858783816329     
   5.1699998844414949      -0.10831070683320967       0.36736319005964907     
   5.1799998842179775      -0.10454343513642600       0.38594736385122136     
   5.1899998839944601      -0.10059460647442953       0.40366964129513544     
   5.1999998837709427       -9.6472989555087874E-002  0.42050038759188751     
   5.2099998835474253       -9.2187640054046116E-002  0.43641185185242620     
   5.2199998833239079       -8.7747881536069480E-002  0.45137821440630271     
   5.2299998831003904       -8.3163285921375465E-002  0.46537563047038888     
   5.2399998828768730       -7.8443653534118155E-002  0.47838227002503103     
   5.2499998826533556       -7.3598992771700025E-002  0.49037835374868066     
   5.2599998824298382       -6.8639499435046644E-002  0.50134618486817883     
   5.2699998822063208       -6.3575535761369512E-002  0.51127017678996522     
   5.2799998819828033       -5.8417609202240539E-002  0.52013687638749773     
   5.2899998817592859       -5.3176350990991467E-002  0.52793498283203166     
   5.2999998815357685       -4.7862494544512989E-002  0.53465536186751428     
   5.3099998813122511       -4.2486853745446189E-002  0.54029105544556499     
   5.3199998810887337       -3.7060301151516879E-002  0.54483728665317421     
   5.3299998808652163       -3.1593746179348424E-002  0.54829145988367567     
   5.3399998806416988       -2.6098113310489019E-002  0.55065315622051603     
   5.3499998804181814       -2.0584320367595669E-002  0.55192412402314139     
   5.3599998801946640       -1.5063256908722390E-002  0.55210826472469765     
   5.3699998799711466       -9.5457627874597668E-003  0.55121161387195261     
   5.3799998797476292       -4.0426069262648511E-003  0.54924231745863916     
   5.3899998795241117        1.4355336502949491E-003  0.54621060362403517     
   5.3999998793005943        6.8780944764800086E-003  0.54212874980878878     
   5.4099998790770769        1.2274643955613030E-002  0.53701104547952216     
   5.4199998788535595        1.7614903275933774E-002  0.53087375055238117     
   5.4299998786300421        2.2888765889788082E-002  0.52373504966322404     
   5.4399998784065247        2.8086316515424585E-002  0.51561500244836966     
   5.4499998781830072        3.3197849622386776E-002  0.50653549001459197     
   5.4599998779594898        3.8213887363342219E-002  0.49652015779019837     
   5.4699998777359724        4.3125196917167707E-002  0.48559435496046255     
   5.4799998775124550        4.7922807210191445E-002  0.47378507070030140     
   5.4899998772889376        5.2598024984662678E-002  0.46112086742484143     
   5.4999998770654202        5.7142450185756512E-002  0.44763181128438123     
   5.5099998768419027        6.1547990640708095E-002  0.43334940013423273     
   5.5199998766183853        6.5806876005987350E-002  0.41830648921204155     
   5.5299998763948679        6.9911670960754568E-002  0.40253721475551230     
   5.5399998761713505        7.3855287627160635E-002  0.38607691579208070     
   5.5499998759478331        7.7630997200357793E-002  0.36896205432909090     
   5.5599998757243156        8.1232440773350942E-002  0.35123013416858634     
   5.5699998755007982        8.4653639344033055E-002  0.33291961856505176     
   5.5799998752772808        8.7889002993897541E-002  0.31406984693751688     
   5.5899998750537634        9.0933339229996010E-002  0.29472095083952488     
   5.5999998748302460        9.3781860483701643E-002  0.27491376938176104     
   5.6099998746067286        9.6430190761740434E-002  0.25468976429281920     
   5.6199998743832111        9.8874371446758591E-002  0.23409093479384330     
   5.6299998741596937       0.10111086624640213       0.21315973245280365     
   5.6399998739361763       0.10313656529149207       0.19193897617413622     
   5.6499998737126589       0.10494878838538611       0.17047176746955978     
   5.6599998734891415       0.10654528740802735       0.14880140614625159     
   5.6699998732656240       0.10792424787949594       0.12697130653935840     
   5.6799998730421066       0.10908428968910555       0.10502491440717567     
   5.6899998728185892       0.11002446699722959        8.3005624599363309E-002
   5.6999998725950718       0.11074426731810880        6.0956699601375175E-002
   5.7099998723715544       0.11124360979289147        3.8921189051940211E-002
   5.7199998721480370       0.11152284266309799        1.6941850325002145E-002
   5.7299998719245195       0.11158273995559199       -4.9389297369633982E-003
   5.7399998717010021       0.11142449739099129       -2.6679211854865582E-002
   5.7499998714774847       0.11104972752827211       -4.8237580029338985E-002
   5.7599998712539673       0.11046045415911894       -6.9573215862352156E-002
   5.7699998710304499       0.10965910596635954       -9.0645971405703019E-002
   5.7799998708069324       0.10864850946160790      -0.11141644045797845     
   5.7899998705834150       0.10743188121802549      -0.13184602823077871     
   5.7999998703598976       0.10601281941490999      -0.15189701930358784     
   5.8099998701363802       0.10439529471163574      -0.17153264378471800     
   5.8199998699128628       0.10258364046930807      -0.19071714159338496     
   5.8299998696893454       0.10058254233935587      -0.20941582477531004     
   5.8399998694658279        9.8397027239176843E-002 -0.22759513776142248     
   5.8499998692423105        9.6032451735868593E-002 -0.24522271547639024     
   5.8599998690187931        9.3494489860025232E-002 -0.26226743920097378     
   5.8699998687952757        9.0789120372551838E-002 -0.27869949008970901     
   5.8799998685717583        8.7922613508445074E-002 -0.29449040024331613     
   5.8899998683482409        8.4901517222502845E-002 -0.30961310123362162     
   5.8999998681247234        8.1732642962953489E-002 -0.32404196997779039     
   5.9099998679012060        7.8423051000028984E-002 -0.33775287185839709     
   5.9199998676776886        7.4980035337539455E-002 -0.35072320098641474     
   5.9299998674541712        7.1411108236528992E-002 -0.36293191750564319     
   5.9399998672306538        6.7723984381096211E-002 -0.37435958183950407     
   5.9499998670071363        6.3926564717437892E-002 -0.38498838578453881     
   5.9599998667836189        6.0026919998108899E-002 -0.39480218035939324     
   5.9699998665601015        5.6033274064377400E-002 -0.40378650032356617     
   5.9799998663365841        5.1953986900379757E-002 -0.41192858528673609     
   5.9899998661130667        4.7797537493534312E-002 -0.41921739733703256     
   5.9999998658895493        4.3572506536347769E-002 -0.42564363512514769     
   6.0099998656660318        3.9287559005332512E-002 -0.43119974435062708     
   6.0199998654425144        3.4951426653238880E-002 -0.43587992460696595     
   6.0299998652189970        3.0572890451185677E-002 -0.43968013255317345     
   6.0399998649954796        2.6160763017537478E-002 -0.44259808139115675     
   6.0499998647719622        2.1723871070523114E-002 -0.44463323664049975     
   6.0599998645484447        1.7271037941611011E-002 -0.44578680821485006     
   6.0699998643249273        1.2811066186550455E-002 -0.44606173881704980     
   6.0799998641014099        8.3527203307512052E-003 -0.44546268868321820     
   6.0899998638778925        3.9047097853062976E-003 -0.44399601671907912     
   6.0999998636543751       -5.2432803053507546E-004 -0.44166975808478814     
   6.1099998634308577       -4.9258443252640349E-003 -0.43849359829721668     
   6.1199998632073402       -9.2913952949488406E-003 -0.43447884393096459     
   6.1299998629838228       -1.3612658173455278E-002 -0.42963839001117365     
   6.1399998627603054       -1.7881446940480990E-002 -0.42398668420238828     
   6.1499998625367880       -2.2089727655929498E-002 -0.41753968790814988     
   6.1599998623132706       -2.6229633390345300E-002 -0.41031483440562755     
   6.1699998620897532       -3.0293478722418825E-002 -0.40233098414829643     
   6.1799998618662357       -3.4273773775939702E-002 -0.39360837737741594     
   6.1899998616427183       -3.8163237770018725E-002 -0.38416858418977817     
   6.1999998614192009       -4.1954812057902899E-002 -0.37403445221486070     
   6.2099998611956835       -4.5641672631263036E-002 -0.36323005205910758     
   6.2199998609721661       -4.9217242068429201E-002 -0.35178062067857413     
   6.2299998607486486       -5.2675200906674609E-002 -0.33971250284362026     
   6.2399998605251312       -5.6009498420293506E-002 -0.32705309086074530     
   6.2499998603016138       -5.9214362787872142E-002 -0.31383076271707122     
   6.2599998600780964       -6.2284310633805358E-002 -0.30007481881245079     
   6.2699998598545790       -6.5214155930754497E-002 -0.28581541744276828     
   6.2799998596310616       -6.7999018251367713E-002 -0.27108350919578850     
   6.2899998594075441       -7.0634330359183220E-002 -0.25591077041797855     
   6.2999998591840267       -7.3115845130202792E-002 -0.24032953590716494     
   6.3099998589605093       -7.5439641798151519E-002 -0.22437273098179239     
   6.3199998587369919       -7.7602131517925041E-002 -0.20807380307301818     
   6.3299998585134745       -7.9600062243163669E-002 -0.19146665298100499     
   6.3399998582899570       -8.1430522915281134E-002 -0.17458556593166802     
   6.3499998580664396       -8.3090946962611961E-002 -0.15746514256488137     
   6.3599998578429222       -8.4579115109625111E-002 -0.14014022997985195     
   6.3699998576194048       -8.5893157497382161E-002 -0.12264585295811070     
   6.3799998573958874       -8.7031555117597012E-002 -0.10501714547943398     
   6.3899998571723700       -8.7993140563782310E-002  -8.7289282641066265E-002
   6.3999998569488525       -8.8777098104047894E-002  -6.9497413085931492E-002
   6.4099998567253351       -8.9382963081151109E-002  -5.1676592041152478E-002
   6.4199998565018177       -8.9810620646391906E-002  -3.3861715064187531E-002
   6.4299998562783003       -9.0060303834900157E-002  -1.6087452590276805E-002
   6.4399998560547829       -9.0132590990783176E-002   1.6118146283106496E-003
   6.4499998558312654       -9.0028402551492220E-002   1.9202059103512369E-002
   6.4599998556077480       -8.9748997201631764E-002   3.6649669127820111E-002
   6.4699998553842306       -8.9295967407278937E-002   5.3921510142298276E-002
   6.4799998551607132       -8.8671234342707239E-002   7.0984984874363416E-002
   6.4899998549371958       -8.7877042222221396E-002   8.7808092164579826E-002
   6.4999998547136784       -8.6915952050613268E-002  0.10435948440256250     
   6.5099998544901609       -8.5790834806545008E-002  0.12060852349263355     
   6.5199998542666435       -8.4504864073957103E-002  0.13652533527020508     
   6.5299998540431261       -8.3061508137388690E-002  0.15208086229001935     
   6.5399998538196087       -8.1464521557885514E-002  0.16724691490743071     
   6.5499998535960913       -7.9717936246959317E-002  0.18199622057392845     
   6.5599998533725739       -7.7826052056850129E-002  0.19630247126814598     
   6.5699998531490564       -7.5793426906129766E-002  0.21014036898374755     
   6.5799998529255390       -7.3624866460469868E-002  0.22348566919589832     
   6.5899998527020216       -7.1325413389177833E-002  0.23631522222857398     
   6.5999998524785042       -6.8900336218877756E-002  0.24860701244581276     
   6.6099998522549868       -6.6355117806476696E-002  0.26034019519121832     
   6.6199998520314693       -6.3695443454305722E-002  0.27149513140163534     
   6.6299998518079519       -6.0927188691056129E-002  0.28205341982298981     
   6.6399998515844345       -5.8056406742838844E-002  0.29199792675885011     
   6.6499998513609171       -5.5089315719374463E-002  0.30131281328535447     
   6.6599998511373997       -5.2032285540967296E-002  0.30998355986978682     
   6.6699998509138823       -4.8891824632523305E-002  0.31799698833427759     
   6.6799998506903648       -4.5674566411433838E-002  0.32534128111086463     
   6.6899998504668474       -4.2387255596658610E-002  0.33200599773946182     
   6.6999998502433300       -3.9036734366796971E-002  0.33798208856613476     
   6.7099998500198126       -3.5629928395331203E-002  0.34326190560545083     
   6.7199998497962952       -3.2173832791553995E-002  0.34783921053751471     
   6.7299998495727777       -2.8675497975950009E-002  0.35170917981758504     
   6.7399998493492603       -2.5142015518984585E-002  0.35486840688383620     
   6.7499998491257429       -2.1580503972357029E-002  0.35731490145682926     
   6.7599998489022255       -1.7998094721799328E-002  0.35904808593252202     
   6.7699998486787081       -1.4401917890440482E-002  0.36006878887911342     
   6.7799998484551907       -1.0799088321610877E-002  0.36037923565661206     
   6.7899998482316732       -7.1966916697289475E-003  0.35998303618666583     
   6.7999998480081558       -3.6017706275938092E-003  0.35888516990881747     
   6.8099998477846384       -2.1311318003106039E-005  0.35709196796788273     
   6.8199998475611210        3.5377701228736318E-003  0.35461109268551005     
   6.8299998473376036        7.0686407435072819E-003  0.35145151437710181     
   6.8399998471140862        1.0564563730199379E-002  0.34762348558308881     
   6.8499998468905687        1.4018911089970096E-002  0.34313851279098934     
   6.8599998466670513        1.7425176038463459E-002  0.33800932573169085     
   6.8699998464435339        2.0776985069056765E-002  0.33224984433991750     
   6.8799998462200165        2.4068109680291196E-002  0.32587514347484237     
   6.8899998459964991        2.7292477739727927E-002  0.31890141550223422     
   6.8999998457729816        3.0444184463372541E-002  0.31134593084436213     
   6.9099998455494642        3.3517502990894434E-002  0.30322699660810010     
   6.9199998453259468        3.6506894537990803E-002  0.29456391340526222     
   6.9299998451024294        3.9407018108400402E-002  0.28537693048215090     
   6.9399998448789120        4.2212739749254213E-002  0.27568719927762564     
   6.9499998446553946        4.4919141334652211E-002  0.26551672553070116     
   6.9599998444318771        4.7521528863571645E-002  0.25488832005978845     
   6.9699998442083597        5.0015440259436342E-002  0.24382554833621922     
   6.9799998439848423        5.2396652659903377E-002  0.23235267897468184     
   6.9899998437613249        5.4661189186647550E-002  0.22049463126267746     
   6.9999998435378075        5.6805325186140634E-002  0.20827692185012506     
   7.0099998433142900        5.8825593933626942E-002  0.19572561071884767     
   7.0199998430907726        6.0718791793685653E-002  0.18286724654990938     
   7.0299998428672552        6.2481982831939738E-002  0.16972881160469458     
   7.0399998426437378        6.4112502873618860E-002  0.15633766623327999     
   7.0499998424202204        6.5607963005806402E-002  0.14272149312109828     
   7.0599998421967030        6.6966252521297398E-002  0.12890824138218221     
   7.0699998419731855        6.8185541303062924E-002  0.11492607060445850     
   7.0799998417496681        6.9264281649356912E-002  0.10080329494968064     
   7.0899998415261507        7.0201209540512621E-002   8.6568327407692158E-002
   7.0999998413026333        7.0995345349458672E-002   7.2249624301838178E-002
   7.1099998410791159        7.1645993998938395E-002   5.7875630139528782E-002
   7.1199998408555984        7.2152744569342772E-002   4.3474722899234056E-002
   7.1299998406320810        7.2515469361966609E-002   2.9075159842583527E-002
   7.1399998404085636        7.2734322423372272E-002   1.4705023937772350E-002
   7.1499998401850462        7.2809737537395156E-002   3.9217097815702311E-004
   7.1599998399615288        7.2742425692153223E-002  -1.3835822522236144E-002
   7.1699998397380114        7.2533372030229984E-002  -2.7951710576563767E-002
   7.1799998395144939        7.2183832290988237E-002  -4.1928628038490769E-002
   7.1899998392909765        7.1695328754742174E-002  -5.5740139904785831E-002
   7.1999998390674591        7.1069645699269823E-002  -6.9360289532532121E-002
   7.2099998388439417        7.0308824379886753E-002  -8.2763645697726471E-002
   7.2199998386204243        6.9415157545027972E-002  -9.5925348423369527E-002
   7.2299998383969069        6.8391183499997218E-002 -0.10882115350640746     
   7.2399998381733894        6.7239679732243360E-002 -0.12142747567409985     
   7.2499998379498720        6.5963656112211763E-002 -0.13372143030159064     
   7.2599998377263546        6.4566347684494707E-002 -0.14568087362368215     
   7.2699998375028372        6.3051207064668588E-002 -0.15728444137508982     
   7.2799998372793198        6.1421896457856014E-002 -0.16851158579482187     
   7.2899998370558023        5.9682279315687412E-002 -0.17934261093181741     
   7.2999998368322849        5.7836411648956990E-002 -0.18975870619062060     
   7.3099998366087675        5.5888533013871436E-002 -0.19974197805769878     
   7.3199998363852501        5.3843057190373508E-002 -0.20927547995105708     
   7.3299998361617327        5.1704562571584879E-002 -0.21834324013808620     
   7.3399998359382153        4.9477782283950861E-002 -0.22693028766912518     
   7.3499998357146978        4.7167594058180828E-002 -0.23502267627704651     
   7.3599998354911804        4.4779009871559798E-002 -0.24260750619628743     
   7.3699998352676630        4.2317165382655508E-002 -0.24967294385817104     
   7.3799998350441456        3.9787309179858565E-002 -0.25620823942308413     
   7.3899998348206282        3.7194791865567671E-002 -0.26220374211410713     
   7.3999998345971107        3.4545054998164529E-002 -0.26765091332101815     
   7.4099998343735933        3.1843619914211085E-002 -0.27254233744820427     
   7.4199998341500759        2.9096076453542129E-002 -0.27687173048489794     
   7.4299998339265585        2.6308071610116650E-002 -0.28063394628128752     
   7.4399998337030411        2.3485298131629299E-002 -0.28382498051940946     
   7.4499998334795237        2.0633483090966517E-002 -0.28644197237328073     
   7.4599998332560062        1.7758376452618914E-002 -0.28848320385844589     
   7.4699998330324888        1.4865739657130575E-002 -0.28994809687695539     
   7.4799998328089714        1.1961334246576210E-002 -0.29083720796972090     
   7.4899998325854540        9.0509105539077275E-003 -0.29115222079417435     
   7.4999998323619366        6.1401964788025884E-003 -0.29089593635114203     
   7.5099998321384192        3.2348863723773696E-003 -0.29007226099079725     
   7.5199998319149017        3.4063005280187894E-004 -0.28868619223342984     
   7.5299998316913843       -2.5369780265371380E-003 -0.28674380244652559     
   7.5399998314678669       -5.3924094351167247E-003 -0.28425222042524773     
   7.5499998312443495       -8.2202122288950168E-003 -0.28121961092881237     
   7.5599998310208321       -1.1015021199308228E-002 -0.27765515223041826     
   7.5699998307973146       -1.3771567888091796E-002 -0.27356901174329246     
   7.5799998305737972       -1.6484690349019070E-002 -0.26897231979002112     
   7.5899998303502798       -1.9149342638344308E-002 -0.26387714158661807     
   7.5999998301267624       -2.1760604016471292E-002 -0.25829644751672487     
   7.6099998299032450       -2.4313687844141035E-002 -0.25224408177491553     
   7.6199998296797276       -2.6803950157238073E-002 -0.24573472946128283     
   7.6299998294562101       -2.9226897905151060E-002 -0.23878388221230329     
   7.6399998292326927       -3.1578196838485867E-002 -0.23140780245540918     
   7.6499998290091753       -3.3853679032814138E-002 -0.22362348637674001     
   7.6599998287856579       -3.6049350036043669E-002 -0.21544862569320389     
   7.6699998285621405       -3.8161395627914929E-002 -0.20690156832126347     
   7.6799998283386230       -4.0186188181057160E-002 -0.19800127803578046     
   7.6899998281151056       -4.2120292613973889E-002 -0.18876729321282443     
   7.6999998278915882       -4.3960471927268305E-002 -0.17921968475059458     
   7.7099998276680708       -4.5703692315360291E-002 -0.16937901326253799     
   7.7199998274445534       -4.7347127846886231E-002 -0.15926628563639861     
   7.7299998272210360       -4.8888164707907251E-002 -0.14890291105232359     
   7.7399998269975185       -5.0324405002978717E-002 -0.13831065655231417     
   7.7499998267740011       -5.1653670110051730E-002 -0.12751160225226357     
   7.7599998265504837       -5.2874003586083726E-002 -0.11652809628660424     
   7.7699998263269663       -5.3983673621128769E-002 -0.10538270957421587     
   7.7799998261034489       -5.4981175039557309E-002  -9.4098190492754002E-002
   7.7899998258799314       -5.5865230847918911E-002  -8.2697419546969006E-002
   7.7999998256564140       -5.6634793329808780E-002  -7.1203364114924381E-002
   7.8099998254328966       -5.7289044688929640E-002  -5.9639033354311290E-002
   7.8199998252093792       -5.7827397242353626E-002  -4.8027433349314641E-002
   7.8299998249858618       -5.8249493166784773E-002  -3.6391522576732352E-002
   7.8399998247623444       -5.8555203801400842E-002  -2.4754167768298141E-002
   7.8499998245388269       -5.8744628511614112E-002  -1.3138100244421922E-002
   7.8599998243153095       -5.8818093118834208E-002  -1.5658727928498407E-003
   7.8699998240917921       -5.8776147902042719E-002   9.9401828359359564E-003
   7.8799998238682747       -5.8619565177699250E-002   2.1357997746406013E-002
   7.8899998236447573       -5.8349336465192192E-002   3.2665806960203325E-002
   7.8999998234212399       -5.7966669245725064E-002   4.3842189655919947E-002
   7.9099998231977224       -5.7472983323191285E-002   5.4866108521013104E-002
   7.9199998229742050       -5.6869906796236734E-002   6.5716948151981716E-002
   7.9299998227506876       -5.6159271651340451E-002   7.6374552440453686E-002
   7.9399998225271702       -5.5343108987359856E-002   8.6819260884366395E-002
   7.9499998223036528       -5.4423643882587226E-002   9.7031943764971040E-002
   7.9599998220801353       -5.3403289915948955E-002  0.10699403613196984     
   7.9699998218566179       -5.2284643354548084E-002  0.11668757054071963     
   7.9799998216331005       -5.1070477020302811E-002  0.12609520848712089     
   7.9899998214095831       -4.9763733848968691E-002  0.13520027048757469     
   7.9999998211860657       -4.8367520155349376E-002  0.14398676475324629     
   8.0099998209625483       -4.6885098618998450E-002  0.15243941440983882     
   8.0199998207390308       -4.5319881005192734E-002  0.16054368321616730     
   8.0299998205155134       -4.3675420636413394E-002  0.16828579973704494     
   8.0399998202919960       -4.1955404630004384E-002  0.17565277992836206     
   8.0499998200684786       -4.0163645918086563E-002  0.18263244809476123     
   8.0599998198449612       -3.8304075066188367E-002  0.18921345618299854     
   8.0699998196214437       -3.6380731907408981E-002  0.19538530137693461     
   8.0799998193979263       -3.4397757009255459E-002  0.20113834196312230     
   8.0899998191744089       -3.2359382990589824E-002  0.20646381143915124     
   8.0999998189508915       -3.0269925706383920E-002  0.21135383084026843     
   8.1099998187273741       -2.8133775318206974E-002  0.21580141926331595     
   8.1199998185038567       -2.5955387268562388E-002  0.21980050257069925     
   8.1299998182803392       -2.3739273177343985E-002  0.22334592026091613     
   8.1399998180568218       -2.1489991678797133E-002  0.22643343049612022     
   8.1499998178333044       -1.9212139217445141E-002  0.22905971328125146     
   8.1599998176097870       -1.6910340821475356E-002  0.23122237179341884     
   8.1699998173862696       -1.4589240872071410E-002  0.23291993186445076     
   8.1799998171627522       -1.2253493887127511E-002  0.23415183962381339     
   8.1899998169392347       -9.9077553376871220E-003  0.23491845731341526     
   8.1999998167157173       -7.5566725153115005E-003  0.23522105729014356     
   8.2099998164921999       -5.2048754684035775E-003  0.23506181423629086     
   8.2199998162686825       -2.8569680252895978E-003  0.23444379560230569     
   8.2299998160451651       -5.1751892159550240E-004  0.23337095031051167     
   8.2399998158216476        1.8089469508521076E-003  0.23184809575256504     
   8.2499998155981302        4.1179571567185012E-003  0.22988090311743581     
   8.2599998153746128        6.4051001749522839E-003  0.22747588109058026     
   8.2699998151510954        8.6660336856067138E-003  0.22464035796870349     
   8.2799998149275780        1.0896492670083732E-002  0.22138246223806796     
   8.2899998147040606        1.3092297309690106E-002  0.21771110166767241     
   8.2999998144805431        1.5249360667924365E-002  0.21363594097178884     
   8.3099998142570257        1.7363696142472955E-002  0.20916737809928887     
   8.3199998140335083        1.9431424673482155E-002  0.20431651920990598     
   8.3299998138099909        2.1448781695286339E-002  0.19909515240005596     
   8.3399998135864735        2.3412123819410730E-002  0.19351572024306998     
   8.3499998133629560        2.5317935237325524E-002  0.18759129121067777     
   8.3599998131394386        2.7162833832105420E-002  0.18133553004431199     
   8.3699998129159212        2.8943576988842052E-002  0.17476266714629030     
   8.3799998126924038        3.0657067094363659E-002  0.16788746706217070     
   8.3899998124688864        3.2300356717534590E-002  0.16072519612657590     
   8.3999998122453690        3.3870653462134158E-002  0.15329158934554907     
   8.4099998120218515        3.5365324485047867E-002  0.14560281658904697     
   8.4199998117983341        3.6781900673241996E-002  0.13767544816750696     
   8.4299998115748167        3.8118080473732614E-002  0.12952641986655397     
   8.4399998113512993        3.9371733371500663E-002  0.12117299751385553     
   8.4499998111277819        4.0540903011043780E-002  0.11263274115190007     
   8.4599998109042645        4.1623809957991496E-002  0.10392346889008215     
   8.4699998106807470        4.2618854097941618E-002   9.5063220508940657E-002
   8.4799998104572296        4.3524616670400917E-002   8.6070220888728607E-002
   8.4899998102337122        4.4339861936431156E-002   7.6962843333709591E-002
   8.4999998100101948        4.5063538479311091E-002   6.7759572862690104E-002
   8.5099998097866774        4.5694780138225366E-002   5.8478969535322889E-002
   8.5199998095631599        4.6232906575681396E-002   4.9139631882665624E-002
   8.5299998093396425        4.6677423480034640E-002   3.9760160509363859E-002
   8.5399998091161251        4.7028022405170497E-002   3.0359121933656898E-002
   8.5499998088926077        4.7284580250047108E-002   2.0955012730189154E-002
   8.5599998086690903        4.7447158381446773E-002   1.1566224039355094E-002
   8.5699998084455729        4.7516001403914716E-002   2.2110065056189145E-003
   8.5799998082220554        4.7491535581481663E-002  -7.0925642940646468E-003
   8.5899998079985380        4.7374366916371390E-002  -1.6326621871941845E-002
   8.5999998077750206        4.7165278890485385E-002  -2.5473542242840465E-002
   8.6099998075515032        4.6865229876034101E-002  -3.4515976672202756E-002
   8.6199998073279858        4.6475350222247649E-002  -4.3436883703145378E-002
   8.6299998071044683        4.5996939025647859E-002  -5.2219560408359497E-002
   8.6399998068809509        4.5431460591898079E-002  -6.0847672814133384E-002
   8.6499998066574335        4.4780540597766975E-002  -6.9305285445284484E-002
   8.6599998064339161        4.4045961962246812E-002  -7.7576889941333188E-002
   8.6699998062103987        4.3229660436355601E-002  -8.5647432695842393E-002
   8.6799998059868813        4.2333719921625060E-002  -9.3502341472492187E-002
   8.6899998057633638        4.1360367527732082E-002 -0.10112755095316341     
   8.6999998055398464        4.0311968380170017E-002 -0.10850952717507510     
   8.7099998053163290        3.9191020189276275E-002 -0.11563529081586497     
   8.7199998050928116        3.8000147592334554E-002 -0.12249243928742458     
   8.7299998048692942        3.6742096280851705E-002 -0.12906916760130907     
   8.7399998046457767        3.5419726925470706E-002 -0.13535428797063842     
   8.7499998044222593        3.4036008911321275E-002 -0.14133724811559770     
   8.7599998041987419        3.2594013896927052E-002 -0.14700814824193206     
   8.7699998039752245        3.1096909210082561E-002 -0.15235775666421764     
   8.7799998037517071        2.9547951094383032E-002 -0.15737752404817526     
   8.7899998035281897        2.7950477820334593E-002 -0.16205959624887772     
   8.7999998033046722        2.6307902675190536E-002 -0.16639682572438200     
   8.8099998030811548        2.4623706845850246E-002 -0.17038278150709107     
   8.8199998028576374        2.2901432209320127E-002 -0.17401175771801269     
   8.8299998026341200        2.1144674045369457E-002 -0.17727878061202554     
   8.8399998024106026        1.9357073686118043E-002 -0.18017961414528277     
   8.8499998021870852        1.7542311117365813E-002 -0.18271076405896641     
   8.8599998019635677        1.5704097546516717E-002 -0.18486948047674628     
   8.8699998017400503        1.3846167951959885E-002 -0.18665375901648129     
   8.8799998015165329        1.1972273628749499E-002 -0.18806234041991757     
   8.8899998012930155        1.0086174745371186E-002 -0.18909470870737413     
   8.8999998010694981        8.1916329262965749E-003 -0.18975108786764849     
   8.9099998008459806        6.2924038749091454E-003 -0.19003243709660911     
   8.9199998006224632        4.3922300512337703E-003 -0.18994044460115200     
   8.9299998003989458        2.4948334187196494E-003 -0.18947751998837409     
   8.9399998001754284        6.0390827411214380E-004 -0.18864678526293804     
   8.9499997999519110       -1.2768858257960777E-003 -0.18745206445866067     
   8.9599997997283936       -3.1439310270194526E-003 -0.18589787193333471     
   8.9699997995048761       -4.9936580176289736E-003 -0.18398939935867828     
   8.9799997992813587       -6.8225527305190948E-003 -0.18173250144008588     
   8.9899997990578413       -8.6271628971746565E-003 -0.17913368040351701     
   8.9999997988343239       -1.0404104440306561E-002 -0.17620006928939369     
   9.0099997986108065       -1.2150067693635719E-002 -0.17293941409577437     
   9.0199997983872890       -1.3861823437538881E-002 -0.16936005481532490     
   9.0299997981637716       -1.5536228739725773E-002 -0.16547090541270484     
   9.0399997979402542       -1.7170232590592995E-002 -0.16128143279092857     
   9.0499997977167368       -1.8760881323394756E-002 -0.15680163479703760     
   9.0599997974932194       -2.0305323809882050E-002 -0.15204201731903177     
   9.0699997972697020       -2.1800816422588794E-002 -0.14701357052745098     
   9.0799997970461845       -2.3244727755483769E-002 -0.14172774431627383     
   9.0899997968226671       -2.4634543095259642E-002 -0.13619642299890800     
   9.0999997965991497       -2.5967868636092920E-002 -0.13043189931599014     
   9.1099997963756323       -2.7242435431279841E-002 -0.12444684781249372     
   9.1199997961521149       -2.8456103075731563E-002 -0.11825429764226629     
   9.1299997959285975       -2.9606863113895578E-002 -0.11186760485858849     
   9.1399997957050800       -3.0692842168257982E-002 -0.10530042424967059     
   9.1499997954815626       -3.1712304784171481E-002  -9.8566680778185839E-002
   9.1599997952580452       -3.2663655987345247E-002  -9.1680540683990605E-002
   9.1699997950345278       -3.3545443550924085E-002  -8.4656382309106090E-002
   9.1799997948110104       -3.4356359969674150E-002  -7.7508766703843365E-002
   9.1899997945874929       -3.5095244139379901E-002  -7.0252408072650416E-002
   9.1999997943639755       -3.5761082740140789E-002  -6.2902144117854761E-002
   9.2099997941404581       -3.6353011322835534E-002  -5.5472906338974899E-002
   9.2199997939169407       -3.6870315098595612E-002  -4.7979690344687020E-002
   9.2299997936934233       -3.7312429431697304E-002  -4.0437526233865838E-002
   9.2399997934699059       -3.7678940036842065E-002  -3.2861449101377338E-002
   9.2499997932463884       -3.7969582882347842E-002  -2.5266469723492561E-002
   9.2599997930228710       -3.8184243801318303E-002  -1.7667545476920260E-002
   9.2699997927993536       -3.8322957813392407E-002  -1.0079551544527731E-002
   9.2799997925758362       -3.8385908160202403E-002  -2.5172524598365961E-003
   9.2899997923523188       -3.8373425058184307E-002   5.0047259586523292E-003
   9.2999997921288013       -3.8285984172889864E-002   1.2471924233331599E-002
   9.3099997919052839       -3.8124204819443328E-002   1.9870076364710235E-002
   9.3199997916817665       -3.7888847894268891E-002   2.7185136432312015E-002
   9.3299997914582491       -3.7580813543685442E-002   3.4403304612789669E-002
   9.3399997912347317       -3.7201138575423474E-002   4.1511052570056280E-002
   9.3499997910112143       -3.6750993619564729E-002   4.8495148173541225E-002
   9.3599997907876968       -3.6231680045837024E-002   5.5342679502030381E-002
   9.3699997905641794       -3.5644626644615512E-002   6.2041078091950773E-002
   9.3799997903406620       -3.4991386079385504E-002   6.8578141390410158E-002
   9.3899997901171446       -3.4273631118811598E-002   7.4942054374804154E-002
   9.3999997898936272       -3.3493150656931953E-002   8.1121410302359614E-002
   9.4099997896701097       -3.2651845530354787E-002   8.7105230554595181E-002
   9.4199997894465923       -3.1751724141676166E-002   9.2882983543350117E-002
   9.4299997892230749       -3.0794897898662934E-002   9.8444602646762774E-002
   9.4399997889995575       -2.9783576479052030E-002  0.10378050314537132     
   9.4499997887760401       -2.8720062931106346E-002  0.10888159813036340     
   9.4599997885525227       -2.7606748620337653E-002  0.11373931335791827     
   9.4699997883290052       -2.6446108033057671E-002  0.11834560102556511     
   9.4799997881054878       -2.5240693447649086E-002  0.12269295244852368     
   9.4899997878819704       -2.3993129484658121E-002  0.12677440961609804     
   9.4999997876584530       -2.2706107546998786E-002  0.13058357561035708     
   9.5099997874349356       -2.1382380161725577E-002  0.13411462387155654     
   9.5199997872114182       -2.0024755234975475E-002  0.13736230629703092     
   9.5299997869879007       -1.8636090231801263E-002  0.14032196016260745     
   9.5399997867643833       -1.7219286292715845E-002  0.14298951385796174     
   9.5499997865408659       -1.5777282298841011E-002  0.14536149142974231     
   9.5599997863173485       -1.4313048897603722E-002  0.14743501592873062     
   9.5699997860938311       -1.2829582500947902E-002  0.14920781155976937     
   9.5799997858703136       -1.1329899268030099E-002  0.15067820463567566     
   9.5899997856467962       -9.8170290843426541E-003  0.15184512333885167     
   9.5999997854232788       -8.2940095491584216E-003  0.15270809629680179     
   9.6099997851997614       -6.7638799831165582E-003  0.15326724998025751     
   9.6199997849762440       -5.2296754676694427E-003  0.15352330493508692     
   9.6299997847527266       -3.6944209279867520E-003  0.15347757086161806     
   9.6399997845292091       -2.1611252707643023E-003  0.15313194055742432     
   9.6499997843056917       -6.3277558821284489E-004  0.15248888274199707     
   9.6599997840821743        8.8766856069391435E-004  0.15155143378405653     
   9.6699997838586569        2.3972807808517087E-003  0.15032318835451827     
   9.6799997836351395        3.8931733729193748E-003  0.14880828903033158     
   9.6899997834116220        5.3725027561175014E-003  0.14701141487652841     
   9.6999997831881046        6.8324747718594174E-003  0.14493776903586192     
   9.7099997829645872        8.2703498584455228E-003  0.14259306535736338     
   9.7199997827410698        9.6834480873745736E-003  0.13998351409700069     
   9.7299997825175524        1.1069154052166259E-002  0.13711580672537399     
   9.7399997822940350        1.2424921600947028E-002  0.13399709987903102     
   9.7499997820705175        1.3748278404424809E-002  0.13063499849352064     
   9.7599997818470001        1.5036830351266562E-002  0.12703753815772606     
   9.7699997816234827        1.6288265763294743E-002  0.12321316673032656     
   9.7799997813999653        1.7500359423333237E-002  0.11917072526042573     
   9.7899997811764479        1.8670976408959167E-002  0.11491942825545540     
   9.7999997809529305        1.9798075725852959E-002  0.11046884334041673     
   9.8099997807294130        2.0879713734883874E-002  0.10582887035335427     
   9.8199997805058956        2.1914047367520933E-002  0.10100971992267574     
   9.8299997802823782        2.2899337124618335E-002   9.6021891572532783E-002
   9.8399997800588608        2.3833949854089168E-002   9.0876151402966454E-002
   9.8499997798353434        2.4716361303450275E-002   8.5583509391900986E-002
   9.8599997796118259        2.5545158443693362E-002   8.0155196366341067E-002
   9.8699997793883085        2.6319041561411967E-002   7.4602640690297276E-002
   9.8799997791647911        2.7036826116589557E-002   6.8937444717033669E-002
   9.8899997789412737        2.7697444363929916E-002   6.3171361053205977E-002
   9.8999997787177563        2.8299946736086150E-002   5.7316268682341909E-002
   9.9099997784942389        2.8843502987618244E-002   5.1384148994911324E-002
   9.9199997782707214        2.9327403098980132E-002   4.5387061771947415E-002
   9.9299997780472040        2.9751057940305185E-002   3.9337121168815339E-002
   9.9399997778236866        3.0113999695222802E-002   3.3246471745284945E-002
   9.9499997776001692        3.0415882045397830E-002   2.7127264587554337E-002
   9.9599997773766518        3.0656480116938261E-002   2.0991633567293829E-002
   9.9699997771531343        3.0835690190264102E-002   1.4851671782138982E-002
   9.9799997769296169        3.0953529175471218E-002   8.7194082213600949E-003
   9.9899997767060995        3.1010133855657415E-002   2.6067846996762145E-003
   9.9999997764825821        3.1005759901103717E-002  -3.4743668986329801E-003
